Лог-файл раскраски графа
Граф: graph_100_048
Дата: 2026-09-21 10:19:08
Статус: УСПЕШНО
Время выполнения: 8.69 секунд
================================================================================

Загружен граф: 100 вершин, 294 рёбер
Имя графа: graph_100_048
Файл: graphs100\graph_100_048.json

================================================================================
ГРАФ
================================================================================
Всего вершин: 100
Всего рёбер: 294

Вершины:
0
1
2
3
4
5
6
7
8
9
10
11
12
13
14
15
16
17
18
19
20
21
22
23
24
25
26
27
28
29
30
31
32
33
34
35
36
37
38
39
40
41
42
43
44
45
46
47
48
49
50
51
52
53
54
55
56
57
58
59
60
61
62
63
64
65
66
67
68
69
70
71
72
73
74
75
76
77
78
79
80
81
82
83
84
85
86
87
88
89
90
91
92
93
94
95
96
97
98
99

Рёбра:
0 31
0 39
0 48
0 59
0 65
0 98
1 14
1 38
1 42
1 81
2 40
2 54
2 68
2 71
3 28
3 29
3 49
3 50
3 68
3 87
4 34
4 41
4 55
4 64
4 67
4 71
4 77
4 86
5 10
5 11
5 32
5 58
6 19
6 69
6 75
6 76
6 90
6 94
7 8
7 41
7 69
7 82
8 9
8 20
8 41
8 64
8 81
8 82
8 92
9 20
9 22
9 44
9 81
9 97
10 32
10 33
10 45
10 57
10 58
10 73
11 22
11 32
11 47
11 53
11 58
12 13
12 37
12 41
12 69
12 74
12 75
13 37
13 41
13 77
14 38
14 81
14 92
15 69
15 76
15 82
15 90
16 18
16 19
16 23
16 31
16 51
16 65
17 23
17 39
17 97
17 98
18 23
18 51
19 20
19 31
19 48
19 51
19 56
19 59
19 76
19 78
19 94
20 23
20 51
20 76
20 82
20 97
21 62
21 85
21 96
22 42
22 44
22 47
22 53
22 81
23 39
23 51
23 65
23 97
24 46
24 60
24 62
24 70
24 72
24 79
24 85
25 42
25 47
25 52
25 55
25 57
25 58
25 73
25 84
26 44
26 53
26 97
26 98
27 28
27 63
27 96
27 99
28 49
28 63
28 83
28 87
28 99
29 34
29 35
29 40
29 49
29 61
29 68
29 77
30 36
30 43
30 50
30 66
30 80
30 85
31 59
31 65
32 45
32 53
33 36
33 45
33 52
33 73
33 84
33 88
33 95
34 61
34 71
34 77
35 37
35 49
35 74
35 77
36 45
36 80
36 85
36 91
36 95
37 74
37 77
38 42
38 55
38 67
38 92
39 65
39 98
40 61
40 68
40 71
41 64
41 69
41 77
42 47
42 55
42 81
43 50
43 63
43 83
43 85
43 96
44 53
44 97
45 48
45 53
45 85
45 98
46 49
46 62
46 70
46 74
46 99
47 58
48 59
48 60
48 78
48 85
48 93
48 98
49 74
49 99
50 66
50 68
50 83
50 87
52 55
52 84
52 88
53 98
54 66
54 68
54 71
54 80
54 91
55 67
55 86
55 88
56 78
56 93
56 94
57 58
57 73
60 72
60 85
60 93
61 71
62 85
62 96
62 99
63 83
63 96
64 67
64 92
66 68
66 80
67 92
69 75
69 82
69 90
70 72
70 74
70 75
70 79
70 94
71 86
71 89
71 91
72 79
72 93
72 94
73 84
74 75
75 94
76 82
76 90
78 93
80 91
81 92
83 87
85 96
86 88
86 89
88 89
88 95
89 91
89 95
91 95
93 94
96 99
97 98

================================================================================
РАСКРАСКА ПО ВЕРШИНАМ
================================================================================
0: 1 (СИНИЙ)
1: 3 (ЧЕТВЁРТЫЙ)
2: 2 (ЗЕЛЁНЫЙ)
3: 0 (КРАСНЫЙ)
4: 0 (КРАСНЫЙ)
5: 2 (ЗЕЛЁНЫЙ)
6: 1 (СИНИЙ)
7: 1 (СИНИЙ)
8: 0 (КРАСНЫЙ)
9: 3 (ЧЕТВЁРТЫЙ)
10: 0 (КРАСНЫЙ)
11: 1 (СИНИЙ)
12: 1 (СИНИЙ)
13: 0 (КРАСНЫЙ)
14: 1 (СИНИЙ)
15: 0 (КРАСНЫЙ)
16: 1 (СИНИЙ)
17: 1 (СИНИЙ)
18: 2 (ЗЕЛЁНЫЙ)
19: 3 (ЧЕТВЁРТЫЙ)
20: 1 (СИНИЙ)
21: 2 (ЗЕЛЁНЫЙ)
22: 0 (КРАСНЫЙ)
23: 3 (ЧЕТВЁРТЫЙ)
24: 2 (ЗЕЛЁНЫЙ)
25: 0 (КРАСНЫЙ)
26: 0 (КРАСНЫЙ)
27: 1 (СИНИЙ)
28: 2 (ЗЕЛЁНЫЙ)
29: 3 (ЧЕТВЁРТЫЙ)
30: 1 (СИНИЙ)
31: 0 (КРАСНЫЙ)
32: 3 (ЧЕТВЁРТЫЙ)
33: 3 (ЧЕТВЁРТЫЙ)
34: 2 (ЗЕЛЁНЫЙ)
35: 0 (КРАСНЫЙ)
36: 0 (КРАСНЫЙ)
37: 2 (ЗЕЛЁНЫЙ)
38: 0 (КРАСНЫЙ)
39: 0 (КРАСНЫЙ)
40: 0 (КРАСНЫЙ)
41: 3 (ЧЕТВЁРТЫЙ)
42: 1 (СИНИЙ)
43: 2 (ЗЕЛЁНЫЙ)
44: 1 (СИНИЙ)
45: 1 (СИНИЙ)
46: 0 (КРАСНЫЙ)
47: 2 (ЗЕЛЁНЫЙ)
48: 0 (КРАСНЫЙ)
49: 1 (СИНИЙ)
50: 3 (ЧЕТВЁРТЫЙ)
51: 0 (КРАСНЫЙ)
52: 1 (СИНИЙ)
53: 2 (ЗЕЛЁНЫЙ)
54: 0 (КРАСНЫЙ)
55: 3 (ЧЕТВЁРТЫЙ)
56: 0 (КРАСНЫЙ)
57: 2 (ЗЕЛЁНЫЙ)
58: 3 (ЧЕТВЁРТЫЙ)
59: 2 (ЗЕЛЁНЫЙ)
60: 1 (СИНИЙ)
61: 1 (СИНИЙ)
62: 1 (СИНИЙ)
63: 3 (ЧЕТВЁРТЫЙ)
64: 1 (СИНИЙ)
65: 2 (ЗЕЛЁНЫЙ)
66: 2 (ЗЕЛЁНЫЙ)
67: 2 (ЗЕЛЁНЫЙ)
68: 1 (СИНИЙ)
69: 2 (ЗЕЛЁНЫЙ)
70: 1 (СИНИЙ)
71: 3 (ЧЕТВЁРТЫЙ)
72: 0 (КРАСНЫЙ)
73: 1 (СИНИЙ)
74: 3 (ЧЕТВЁРТЫЙ)
75: 0 (КРАСНЫЙ)
76: 2 (ЗЕЛЁНЫЙ)
77: 1 (СИНИЙ)
78: 1 (СИНИЙ)
79: 3 (ЧЕТВЁРТЫЙ)
80: 3 (ЧЕТВЁРТЫЙ)
81: 2 (ЗЕЛЁНЫЙ)
82: 3 (ЧЕТВЁРТЫЙ)
83: 0 (КРАСНЫЙ)
84: 2 (ЗЕЛЁНЫЙ)
85: 3 (ЧЕТВЁРТЫЙ)
86: 1 (СИНИЙ)
87: 1 (СИНИЙ)
88: 2 (ЗЕЛЁНЫЙ)
89: 0 (КРАСНЫЙ)
90: 3 (ЧЕТВЁРТЫЙ)
91: 2 (ЗЕЛЁНЫЙ)
92: 3 (ЧЕТВЁРТЫЙ)
93: 3 (ЧЕТВЁРТЫЙ)
94: 2 (ЗЕЛЁНЫЙ)
95: 1 (СИНИЙ)
96: 0 (КРАСНЫЙ)
97: 2 (ЗЕЛЁНЫЙ)
98: 3 (ЧЕТВЁРТЫЙ)
99: 3 (ЧЕТВЁРТЫЙ)

================================================================================
РЕЗУЛЬТАТ ПРОВЕРКИ
================================================================================
Всего рёбер: 294
Проверено рёбер: 294
Конфликты: НЕТ
OK: КОНФЛИКТОВ НЕТ! Раскраска корректна.
