Лог-файл раскраски графа
Граф: graph_100_012
Дата: 2026-09-21 10:08:38
Статус: НЕ УДАЛОСЬ
Время выполнения: 11.79 секунд
================================================================================

Загружен граф: 100 вершин, 294 рёбер
Имя графа: graph_100_012
Файл: graphs100\graph_100_012.json

================================================================================
ГРАФ
================================================================================
Всего вершин: 100
Всего рёбер: 294

Вершины:
0
1
2
3
4
5
6
7
8
9
10
11
12
13
14
15
16
17
18
19
20
21
22
23
24
25
26
27
28
29
30
31
32
33
34
35
36
37
38
39
40
41
42
43
44
45
46
47
48
49
50
51
52
53
54
55
56
57
58
59
60
61
62
63
64
65
66
67
68
69
70
71
72
73
74
75
76
77
78
79
80
81
82
83
84
85
86
87
88
89
90
91
92
93
94
95
96
97
98
99

Рёбра:
0 14
0 25
0 63
0 64
0 76
1 5
1 19
1 50
1 55
1 60
1 63
1 84
2 21
2 49
2 62
2 91
2 92
3 4
3 10
3 47
3 59
3 71
4 45
4 47
4 71
4 99
5 50
5 63
5 64
6 18
6 34
6 46
6 70
6 90
6 99
7 11
7 28
7 49
7 68
7 69
7 81
8 32
8 33
8 35
8 51
8 73
8 97
9 56
9 59
9 61
9 77
9 83
9 95
10 47
10 59
10 65
10 83
11 31
11 49
11 52
11 54
11 67
11 69
11 93
11 99
12 14
12 50
12 57
12 64
12 74
13 16
13 30
13 36
13 74
14 16
14 37
14 64
14 74
14 76
15 32
15 35
15 41
15 43
15 77
15 88
15 95
16 21
16 36
16 37
16 74
16 78
17 40
17 42
17 82
17 93
17 98
18 34
18 40
18 42
18 53
18 75
18 90
18 96
19 22
19 33
19 50
19 55
19 73
20 21
20 36
20 78
20 93
20 98
21 37
21 49
21 62
21 78
21 89
21 93
22 23
22 33
22 55
22 97
23 55
23 58
23 86
23 97
24 26
24 29
24 47
24 58
24 67
24 85
25 39
25 63
25 76
25 91
26 47
26 65
26 85
27 29
27 44
27 52
27 54
27 72
28 38
28 60
28 63
28 69
28 81
29 52
29 58
29 67
29 72
29 86
30 36
30 40
30 57
30 74
30 75
30 80
30 96
30 98
31 54
31 60
31 69
32 35
32 51
32 88
33 73
33 97
34 41
34 75
34 88
34 99
35 43
35 97
36 78
36 98
37 76
37 89
37 92
38 39
38 49
38 63
38 68
38 81
39 49
39 63
39 91
40 42
40 96
40 98
41 45
41 88
41 95
41 99
42 53
42 82
43 58
43 77
43 97
44 54
44 60
44 66
44 72
44 79
44 84
44 86
45 56
45 61
45 71
45 95
45 99
46 70
46 90
47 65
47 67
47 99
48 53
48 82
48 87
48 90
49 68
49 91
49 93
50 57
50 64
50 73
50 94
51 73
51 75
51 80
51 88
52 54
52 67
53 82
53 90
54 60
55 66
55 79
55 84
55 86
56 59
56 61
56 71
57 74
57 80
57 94
58 77
58 85
58 86
58 97
59 71
59 83
60 63
60 69
60 84
61 95
62 89
62 92
63 64
65 83
65 85
66 79
66 86
67 99
68 81
70 87
70 90
70 99
72 86
73 80
73 94
75 80
75 88
75 96
76 91
76 92
77 83
77 85
77 95
79 84
80 94
82 87
82 93
83 85
87 90
87 93
87 99
89 92
91 92
93 98
93 99

================================================================================
РАСКРАСКА ПО ВЕРШИНАМ
================================================================================
0: 0 (КРАСНЫЙ)
1: 3 (ЧЕТВЁРТЫЙ)
2: 0 (КРАСНЫЙ)
3: 3 (ЧЕТВЁРТЫЙ)
4: 0 (КРАСНЫЙ)
5: 0 (КРАСНЫЙ)
6: 0 (КРАСНЫЙ)
7: 0 (КРАСНЫЙ)
8: 0 (КРАСНЫЙ)
9: 2 (ЗЕЛЁНЫЙ)
10: 0 (КРАСНЫЙ)
11: 1 (СИНИЙ)
12: 0 (КРАСНЫЙ)
13: 0 (КРАСНЫЙ)
14: 1 (СИНИЙ)
15: 2 (ЗЕЛЁНЫЙ)
16: 3 (ЧЕТВЁРТЫЙ)
17: 1 (СИНИЙ)
18: 1 (СИНИЙ)
19: 0 (КРАСНЫЙ)
20: 3 (ЧЕТВЁРТЫЙ)
21: 1 (СИНИЙ)
22: 3 (ЧЕТВЁРТЫЙ)
23: 0 (КРАСНЫЙ)
24: 3 (ЧЕТВЁРТЫЙ)
25: 1 (СИНИЙ)
26: 0 (КРАСНЫЙ)
27: 2 (ЗЕЛЁНЫЙ)
28: 3 (ЧЕТВЁРТЫЙ)
29: 1 (СИНИЙ)
30: 1 (СИНИЙ)
31: 0 (КРАСНЫЙ)
32: 3 (ЧЕТВЁРТЫЙ)
33: 1 (СИНИЙ)
34: 2 (ЗЕЛЁНЫЙ)
35: 1 (СИНИЙ)
36: 2 (ЗЕЛЁНЫЙ)
37: 0 (КРАСНЫЙ)
38: 0 (КРАСНЫЙ)
39: 0 (КРАСНЫЙ)
40: 3 (ЧЕТВЁРТЫЙ)
41: 0 (КРАСНЫЙ)
42: 0 (КРАСНЫЙ)
43: 3 (ЧЕТВЁРТЫЙ)
44: 1 (СИНИЙ)
45: 1 (СИНИЙ)
46: 1 (СИНИЙ)
47: 1 (СИНИЙ)
48: 0 (КРАСНЫЙ)
49: 3 (ЧЕТВЁРТЫЙ)
50: 1 (СИНИЙ)
51: 2 (ЗЕЛЁНЫЙ)
52: 0 (КРАСНЫЙ)
53: 2 (ЗЕЛЁНЫЙ)
54: 3 (ЧЕТВЁРТЫЙ)
55: 1 (СИНИЙ)
56: 3 (ЧЕТВЁРТЫЙ)
57: 3 (ЧЕТВЁРТЫЙ)
58: 1 (СИНИЙ)
59: 1 (СИНИЙ)
60: 1 (СИНИЙ)
61: 0 (КРАСНЫЙ)
62: 3 (ЧЕТВЁРТЫЙ)
63: 2 (ЗЕЛЁНЫЙ)
64: 3 (ЧЕТВЁРТЫЙ)
65: 2 (ЗЕЛЁНЫЙ)
66: 0 (КРАСНЫЙ)
67: 2 (ЗЕЛЁНЫЙ)
68: 1 (СИНИЙ)
69: 2 (ЗЕЛЁНЫЙ)
70: 2 (ЗЕЛЁНЫЙ)
71: 2 (ЗЕЛЁНЫЙ)
72: 0 (КРАСНЫЙ)
73: 3 (ЧЕТВЁРТЫЙ)
74: 2 (ЗЕЛЁНЫЙ)
75: 3 (ЧЕТВЁРТЫЙ)
76: 3 (ЧЕТВЁРТЫЙ)
77: 0 (КРАСНЫЙ)
78: 0 (КРАСНЫЙ)
79: 3 (ЧЕТВЁРТЫЙ)
80: 0 (КРАСНЫЙ)
81: 2 (ЗЕЛЁНЫЙ)
82: 3 (ЧЕТВЁРТЫЙ)
83: 3 (ЧЕТВЁРТЫЙ)
84: 0 (КРАСНЫЙ)
85: 1 (СИНИЙ)
86: 3 (ЧЕТВЁРТЫЙ)
87: 1 (СИНИЙ)
88: 1 (СИНИЙ)
89: 2 (ЗЕЛЁНЫЙ)
90: 3 (ЧЕТВЁРТЫЙ)
91: 2 (ЗЕЛЁНЫЙ)
92: 1 (СИНИЙ)
93: 2 (ЗЕЛЁНЫЙ)
94: 2 (ЗЕЛЁНЫЙ)
95: 3 (ЧЕТВЁРТЫЙ)
96: 0 (КРАСНЫЙ)
97: 2 (ЗЕЛЁНЫЙ)
98: 0 (КРАСНЫЙ)
99: 3 (ЧЕТВЁРТЫЙ)

================================================================================
РЕЗУЛЬТАТ ПРОВЕРКИ
================================================================================
Всего рёбер: 294
Проверено рёбер: 294
Конфликты: 4
  FAIL: 29 - 58: оба цвета 1 (СИНИЙ)
  FAIL: 38 - 39: оба цвета 0 (КРАСНЫЙ)
  FAIL: 44 - 60: оба цвета 1 (СИНИЙ)
  FAIL: 58 - 85: оба цвета 1 (СИНИЙ)
FAIL: НАЙДЕНЫ КОНФЛИКТЫ
