Лог-файл раскраски графа
Граф: graph_100_020
Дата: 2026-09-21 10:10:35
Статус: УСПЕШНО
Время выполнения: 27.47 секунд
================================================================================

Загружен граф: 100 вершин, 294 рёбер
Имя графа: graph_100_020
Файл: graphs100\graph_100_020.json

================================================================================
ГРАФ
================================================================================
Всего вершин: 100
Всего рёбер: 294

Вершины:
0
1
2
3
4
5
6
7
8
9
10
11
12
13
14
15
16
17
18
19
20
21
22
23
24
25
26
27
28
29
30
31
32
33
34
35
36
37
38
39
40
41
42
43
44
45
46
47
48
49
50
51
52
53
54
55
56
57
58
59
60
61
62
63
64
65
66
67
68
69
70
71
72
73
74
75
76
77
78
79
80
81
82
83
84
85
86
87
88
89
90
91
92
93
94
95
96
97
98
99

Рёбра:
0 13
0 35
0 52
0 74
0 81
0 89
0 99
1 6
1 36
1 67
1 84
1 95
2 23
2 40
2 46
2 79
2 97
3 18
3 29
3 39
3 51
3 54
3 87
4 11
4 55
4 56
4 90
5 37
5 52
5 68
5 91
5 93
6 10
6 26
6 36
6 45
6 62
6 77
6 84
7 24
7 30
7 34
7 55
7 69
8 73
8 91
8 93
8 97
9 19
9 41
9 44
9 46
9 79
9 85
10 36
10 62
10 67
11 30
11 34
11 42
11 55
11 75
11 80
11 90
12 17
12 27
12 78
12 82
12 98
13 45
13 74
13 81
13 88
13 94
14 20
14 29
14 38
14 64
14 78
14 87
15 28
15 31
15 65
15 94
16 30
16 41
16 42
16 44
16 46
17 25
17 32
17 78
17 98
18 22
18 39
18 51
18 61
19 21
19 61
19 79
19 85
20 28
20 38
20 78
20 82
21 51
21 53
21 61
21 85
22 23
22 39
22 61
22 68
22 79
23 40
23 59
23 68
23 79
23 93
24 55
24 56
24 57
24 69
24 72
25 32
25 49
25 66
25 78
26 45
26 71
26 84
26 88
27 31
27 63
27 71
27 82
27 98
28 31
28 38
28 82
28 94
29 54
29 64
29 87
30 34
30 42
30 46
30 69
31 65
31 71
31 82
32 47
32 49
32 50
32 98
33 53
33 75
33 80
33 85
34 55
35 81
35 83
35 99
36 67
37 39
37 52
37 68
37 74
37 76
38 74
38 87
38 92
38 94
39 68
39 76
39 87
40 59
40 97
41 42
41 44
41 85
42 80
42 85
43 50
43 57
43 58
43 72
43 86
44 46
45 77
45 81
45 83
45 88
46 69
46 70
46 79
46 97
47 48
47 50
47 63
47 86
47 98
48 63
48 67
48 86
49 50
49 58
49 66
50 58
50 86
51 53
51 54
51 61
52 74
52 89
52 91
52 96
53 54
53 75
53 85
54 64
54 75
54 90
55 56
56 58
56 66
56 72
56 90
57 60
57 69
57 72
57 86
58 66
58 72
59 73
59 93
59 97
60 67
60 69
60 86
61 79
62 67
62 70
62 77
62 91
62 99
63 67
63 71
63 84
63 95
63 98
64 78
64 90
65 71
65 88
65 94
66 78
66 90
67 69
67 70
67 86
67 95
68 93
69 70
70 91
70 97
71 84
71 88
73 93
73 97
74 76
74 92
74 94
75 80
75 90
76 87
76 92
77 83
77 99
78 82
78 90
80 85
81 83
83 99
84 95
87 92
88 94
89 91
89 96
89 99
91 93
91 96
91 97
91 99

================================================================================
РАСКРАСКА ПО ВЕРШИНАМ
================================================================================
0: 1 (СИНИЙ)
1: 0 (КРАСНЫЙ)
2: 0 (КРАСНЫЙ)
3: 0 (КРАСНЫЙ)
4: 0 (КРАСНЫЙ)
5: 0 (КРАСНЫЙ)
6: 3 (ЧЕТВЁРТЫЙ)
7: 2 (ЗЕЛЁНЫЙ)
8: 0 (КРАСНЫЙ)
9: 0 (КРАСНЫЙ)
10: 0 (КРАСНЫЙ)
11: 2 (ЗЕЛЁНЫЙ)
12: 0 (КРАСНЫЙ)
13: 0 (КРАСНЫЙ)
14: 3 (ЧЕТВЁРТЫЙ)
15: 1 (СИНИЙ)
16: 1 (СИНИЙ)
17: 3 (ЧЕТВЁРТЫЙ)
18: 1 (СИНИЙ)
19: 1 (СИНИЙ)
20: 0 (КРАСНЫЙ)
21: 0 (КРАСНЫЙ)
22: 0 (КРАСНЫЙ)
23: 1 (СИНИЙ)
24: 0 (КРАСНЫЙ)
25: 1 (СИНИЙ)
26: 0 (КРАСНЫЙ)
27: 1 (СИНИЙ)
28: 2 (ЗЕЛЁНЫЙ)
29: 1 (СИНИЙ)
30: 3 (ЧЕТВЁРТЫЙ)
31: 0 (КРАСНЫЙ)
32: 0 (КРАСНЫЙ)
33: 2 (ЗЕЛЁНЫЙ)
34: 0 (КРАСНЫЙ)
35: 0 (КРАСНЫЙ)
36: 1 (СИНИЙ)
37: 1 (СИНИЙ)
38: 1 (СИНИЙ)
39: 3 (ЧЕТВЁРТЫЙ)
40: 2 (ЗЕЛЁНЫЙ)
41: 2 (ЗЕЛЁНЫЙ)
42: 0 (КРАСНЫЙ)
43: 0 (КРАСНЫЙ)
44: 3 (ЧЕТВЁРТЫЙ)
45: 2 (ЗЕЛЁНЫЙ)
46: 2 (ЗЕЛЁНЫЙ)
47: 3 (ЧЕТВЁРТЫЙ)
48: 1 (СИНИЙ)
49: 2 (ЗЕЛЁНЫЙ)
50: 1 (СИНИЙ)
51: 3 (ЧЕТВЁРТЫЙ)
52: 3 (ЧЕТВЁРТЫЙ)
53: 1 (СИНИЙ)
54: 2 (ЗЕЛЁНЫЙ)
55: 3 (ЧЕТВЁРТЫЙ)
56: 1 (СИНИЙ)
57: 3 (ЧЕТВЁРТЫЙ)
58: 3 (ЧЕТВЁРТЫЙ)
59: 0 (КРАСНЫЙ)
60: 0 (КРАСНЫЙ)
61: 2 (ЗЕЛЁНЫЙ)
62: 1 (СИНИЙ)
63: 0 (КРАСНЫЙ)
64: 0 (КРАСНЫЙ)
65: 2 (ЗЕЛЁНЫЙ)
66: 0 (КРАСНЫЙ)
67: 3 (ЧЕТВЁРТЫЙ)
68: 2 (ЗЕЛЁНЫЙ)
69: 1 (СИНИЙ)
70: 0 (КРАСНЫЙ)
71: 3 (ЧЕТВЁРТЫЙ)
72: 2 (ЗЕЛЁНЫЙ)
73: 1 (СИНИЙ)
74: 2 (ЗЕЛЁНЫЙ)
75: 0 (КРАСНЫЙ)
76: 0 (КРАСНЫЙ)
77: 0 (КРАСНЫЙ)
78: 2 (ЗЕЛЁНЫЙ)
79: 3 (ЧЕТВЁРТЫЙ)
80: 1 (СИНИЙ)
81: 3 (ЧЕТВЁРТЫЙ)
82: 3 (ЧЕТВЁРТЫЙ)
83: 1 (СИНИЙ)
84: 1 (СИНИЙ)
85: 3 (ЧЕТВЁРТЫЙ)
86: 2 (ЗЕЛЁНЫЙ)
87: 2 (ЗЕЛЁНЫЙ)
88: 1 (СИНИЙ)
89: 0 (КРАСНЫЙ)
90: 3 (ЧЕТВЁРТЫЙ)
91: 2 (ЗЕЛЁНЫЙ)
92: 3 (ЧЕТВЁРТЫЙ)
93: 3 (ЧЕТВЁРТЫЙ)
94: 3 (ЧЕТВЁРТЫЙ)
95: 2 (ЗЕЛЁНЫЙ)
96: 1 (СИНИЙ)
97: 3 (ЧЕТВЁРТЫЙ)
98: 2 (ЗЕЛЁНЫЙ)
99: 3 (ЧЕТВЁРТЫЙ)

================================================================================
РЕЗУЛЬТАТ ПРОВЕРКИ
================================================================================
Всего рёбер: 294
Проверено рёбер: 294
Конфликты: НЕТ
OK: КОНФЛИКТОВ НЕТ! Раскраска корректна.
