Лог-файл раскраски графа
Граф: graph_100_003
Дата: 2026-09-21 10:01:52
Статус: УСПЕШНО
Время выполнения: 12.76 секунд
================================================================================

Загружен граф: 100 вершин, 294 рёбер
Имя графа: graph_100_003
Файл: graphs100\graph_100_003.json

================================================================================
ГРАФ
================================================================================
Всего вершин: 100
Всего рёбер: 294

Вершины:
0
1
2
3
4
5
6
7
8
9
10
11
12
13
14
15
16
17
18
19
20
21
22
23
24
25
26
27
28
29
30
31
32
33
34
35
36
37
38
39
40
41
42
43
44
45
46
47
48
49
50
51
52
53
54
55
56
57
58
59
60
61
62
63
64
65
66
67
68
69
70
71
72
73
74
75
76
77
78
79
80
81
82
83
84
85
86
87
88
89
90
91
92
93
94
95
96
97
98
99

Рёбра:
0 7
0 12
0 18
0 28
0 29
0 30
0 35
0 55
1 20
1 24
1 31
1 32
1 40
1 62
2 16
2 44
2 77
2 80
2 92
3 25
3 33
3 38
3 39
3 56
3 67
4 5
4 9
4 33
4 53
4 67
5 8
5 33
5 53
5 93
6 23
6 43
6 48
6 49
6 58
6 73
6 94
7 18
7 35
7 42
7 88
8 40
8 50
8 53
8 57
8 65
8 93
9 21
9 24
9 53
9 67
9 75
9 86
10 30
10 60
10 62
10 82
11 17
11 19
11 26
11 27
11 49
11 59
11 95
11 98
12 22
12 28
12 30
12 66
12 72
13 17
13 19
13 21
13 25
13 56
13 69
13 79
14 22
14 47
14 51
14 82
14 91
15 46
15 52
15 90
15 96
16 44
16 77
17 19
17 59
17 69
18 42
18 55
18 61
19 21
19 27
19 75
20 27
20 31
20 32
20 55
20 75
21 67
21 75
21 79
22 30
22 47
22 66
22 82
23 27
23 48
23 49
24 32
24 40
24 53
24 86
25 56
25 67
25 79
26 37
26 87
26 95
26 98
27 48
27 49
27 55
27 75
28 29
28 46
28 72
28 92
29 35
29 46
30 31
30 55
30 62
30 82
31 55
31 62
32 75
32 86
33 38
33 67
33 93
34 70
34 76
34 78
34 83
34 96
35 46
35 52
35 88
36 45
36 73
36 81
36 99
37 58
37 59
37 74
37 87
37 97
37 98
38 39
38 64
38 93
39 56
39 64
39 69
40 50
40 53
40 62
41 57
41 65
41 82
41 84
41 91
42 45
42 61
42 81
42 88
43 58
43 71
43 89
43 94
44 54
44 77
44 80
44 90
45 81
45 88
45 99
46 52
46 54
46 77
46 90
46 92
47 51
47 66
47 68
47 72
48 55
48 61
48 73
48 81
49 58
49 87
49 95
50 57
50 60
50 62
50 84
51 65
51 68
51 80
51 91
51 92
52 88
52 96
52 99
54 77
54 90
55 61
56 69
57 65
57 84
58 71
58 74
58 87
59 64
59 69
59 93
59 97
59 98
60 62
60 82
60 84
61 81
63 78
63 96
63 99
64 69
64 93
65 80
65 91
65 93
66 72
67 79
68 72
68 92
70 76
70 78
70 85
70 89
71 74
71 76
71 89
71 97
72 92
73 81
73 85
73 94
73 99
74 97
75 86
76 83
76 89
76 97
77 92
78 85
78 96
78 99
80 90
80 92
80 93
82 84
82 91
83 96
83 97
85 89
85 94
85 99
87 95
88 99
89 94
90 93
90 96
90 97
93 97
96 97
96 99

================================================================================
РАСКРАСКА ПО ВЕРШИНАМ
================================================================================
0: 0 (КРАСНЫЙ)
1: 0 (КРАСНЫЙ)
2: 0 (КРАСНЫЙ)
3: 0 (КРАСНЫЙ)
4: 1 (СИНИЙ)
5: 3 (ЧЕТВЁРТЫЙ)
6: 3 (ЧЕТВЁРТЫЙ)
7: 3 (ЧЕТВЁРТЫЙ)
8: 1 (СИНИЙ)
9: 2 (ЗЕЛЁНЫЙ)
10: 0 (КРАСНЫЙ)
11: 3 (ЧЕТВЁРТЫЙ)
12: 3 (ЧЕТВЁРТЫЙ)
13: 3 (ЧЕТВЁРТЫЙ)
14: 2 (ЗЕЛЁНЫЙ)
15: 0 (КРАСНЫЙ)
16: 2 (ЗЕЛЁНЫЙ)
17: 2 (ЗЕЛЁНЫЙ)
18: 1 (СИНИЙ)
19: 1 (СИНИЙ)
20: 1 (СИНИЙ)
21: 0 (КРАСНЫЙ)
22: 0 (КРАСНЫЙ)
23: 2 (ЗЕЛЁНЫЙ)
24: 3 (ЧЕТВЁРТЫЙ)
25: 1 (СИНИЙ)
26: 1 (СИНИЙ)
27: 0 (КРАСНЫЙ)
28: 1 (СИНИЙ)
29: 2 (ЗЕЛЁНЫЙ)
30: 1 (СИНИЙ)
31: 2 (ЗЕЛЁНЫЙ)
32: 2 (ЗЕЛЁНЫЙ)
33: 2 (ЗЕЛЁНЫЙ)
34: 3 (ЧЕТВЁРТЫЙ)
35: 1 (СИНИЙ)
36: 2 (ЗЕЛЁНЫЙ)
37: 0 (КРАСНЫЙ)
38: 3 (ЧЕТВЁРТЫЙ)
39: 1 (СИНИЙ)
40: 2 (ЗЕЛЁНЫЙ)
41: 0 (КРАСНЫЙ)
42: 2 (ЗЕЛЁНЫЙ)
43: 1 (СИНИЙ)
44: 3 (ЧЕТВЁРТЫЙ)
45: 1 (СИНИЙ)
46: 3 (ЧЕТВЁРТЫЙ)
47: 3 (ЧЕТВЁРТЫЙ)
48: 1 (СИНИЙ)
49: 1 (СИНИЙ)
50: 0 (КРАСНЫЙ)
51: 0 (КРАСНЫЙ)
52: 2 (ЗЕЛЁНЫЙ)
53: 0 (КРАСНЫЙ)
54: 0 (КРАСНЫЙ)
55: 3 (ЧЕТВЁРТЫЙ)
56: 2 (ЗЕЛЁНЫЙ)
57: 2 (ЗЕЛЁНЫЙ)
58: 2 (ЗЕЛЁНЫЙ)
59: 1 (СИНИЙ)
60: 2 (ЗЕЛЁНЫЙ)
61: 0 (КРАСНЫЙ)
62: 3 (ЧЕТВЁРТЫЙ)
63: 2 (ЗЕЛЁНЫЙ)
64: 2 (ЗЕЛЁНЫЙ)
65: 3 (ЧЕТВЁРТЫЙ)
66: 1 (СИНИЙ)
67: 3 (ЧЕТВЁРТЫЙ)
68: 1 (СИНИЙ)
69: 0 (КРАСНЫЙ)
70: 2 (ЗЕЛЁНЫЙ)
71: 0 (КРАСНЫЙ)
72: 0 (КРАСНЫЙ)
73: 0 (КРАСНЫЙ)
74: 1 (СИНИЙ)
75: 3 (ЧЕТВЁРТЫЙ)
76: 1 (СИНИЙ)
77: 1 (СИНИЙ)
78: 0 (КРАСНЫЙ)
79: 2 (ЗЕЛЁНЫЙ)
80: 1 (СИНИЙ)
81: 3 (ЧЕТВЁРТЫЙ)
82: 3 (ЧЕТВЁРТЫЙ)
83: 0 (КРАСНЫЙ)
84: 1 (СИНИЙ)
85: 1 (СИНИЙ)
86: 0 (КРАСНЫЙ)
87: 3 (ЧЕТВЁРТЫЙ)
88: 0 (КРАСНЫЙ)
89: 3 (ЧЕТВЁРТЫЙ)
90: 2 (ЗЕЛЁНЫЙ)
91: 1 (СИНИЙ)
92: 2 (ЗЕЛЁНЫЙ)
93: 0 (КРАСНЫЙ)
94: 2 (ЗЕЛЁНЫЙ)
95: 0 (КРАСНЫЙ)
96: 1 (СИНИЙ)
97: 3 (ЧЕТВЁРТЫЙ)
98: 2 (ЗЕЛЁНЫЙ)
99: 3 (ЧЕТВЁРТЫЙ)

================================================================================
РЕЗУЛЬТАТ ПРОВЕРКИ
================================================================================
Всего рёбер: 294
Проверено рёбер: 294
Конфликты: НЕТ
OK: КОНФЛИКТОВ НЕТ! Раскраска корректна.
