Лог-файл раскраски графа
Граф: graph_100_050
Дата: 2026-09-21 10:21:03
Статус: УСПЕШНО
Время выполнения: 16.18 секунд
================================================================================

Загружен граф: 100 вершин, 294 рёбер
Имя графа: graph_100_050
Файл: graphs100\graph_100_050.json

================================================================================
ГРАФ
================================================================================
Всего вершин: 100
Всего рёбер: 294

Вершины:
0
1
2
3
4
5
6
7
8
9
10
11
12
13
14
15
16
17
18
19
20
21
22
23
24
25
26
27
28
29
30
31
32
33
34
35
36
37
38
39
40
41
42
43
44
45
46
47
48
49
50
51
52
53
54
55
56
57
58
59
60
61
62
63
64
65
66
67
68
69
70
71
72
73
74
75
76
77
78
79
80
81
82
83
84
85
86
87
88
89
90
91
92
93
94
95
96
97
98
99

Рёбра:
0 19
0 26
0 41
0 82
1 5
1 65
1 67
1 70
1 85
1 92
2 8
2 33
2 35
2 74
2 86
2 94
2 99
3 8
3 44
3 58
3 86
4 21
4 66
4 90
4 97
5 26
5 65
5 69
5 70
5 81
6 14
6 54
6 59
6 63
6 74
6 78
7 11
7 16
7 17
7 21
7 38
7 55
7 68
8 54
8 58
8 59
8 74
8 86
8 99
9 16
9 19
9 26
9 48
9 69
9 84
9 90
10 31
10 45
10 48
10 84
11 17
11 32
11 68
12 23
12 60
12 72
12 89
13 41
13 61
13 76
13 80
14 54
14 59
15 22
15 32
15 42
15 68
15 73
15 94
16 21
16 55
16 84
16 90
17 24
17 32
17 38
17 49
17 53
18 45
18 55
18 68
18 73
18 91
19 23
19 26
19 57
19 82
19 83
19 89
19 90
19 97
20 33
20 43
20 73
20 75
20 79
20 91
21 38
21 66
21 90
22 42
22 94
23 72
23 83
23 89
24 38
24 49
24 66
25 28
25 46
25 56
25 88
26 41
26 69
26 81
27 53
27 64
27 66
27 72
27 83
27 97
28 36
28 46
28 52
28 85
28 87
28 88
29 57
29 60
29 61
29 98
30 76
30 80
30 93
30 96
31 45
31 47
31 48
31 71
32 53
32 68
32 94
33 35
33 75
33 86
33 91
34 49
34 53
34 64
35 75
35 77
35 79
35 94
36 44
36 58
36 63
36 87
36 88
37 42
37 43
37 79
37 94
38 66
39 40
39 50
39 60
39 61
39 62
39 76
39 96
40 50
40 52
40 60
40 78
40 87
41 61
41 80
41 81
41 82
41 98
42 43
42 73
42 94
43 73
43 79
44 56
44 58
44 71
44 86
44 88
44 91
45 55
45 71
45 84
45 91
46 47
46 51
46 56
46 85
47 48
47 51
47 56
47 71
48 51
48 65
48 69
48 84
49 53
49 64
49 66
50 52
50 62
50 67
50 92
50 95
51 65
51 85
52 67
52 85
52 87
53 64
53 72
53 94
54 59
54 74
55 68
55 84
56 71
56 88
57 60
57 82
57 89
57 98
58 59
58 63
59 63
60 61
60 72
60 78
60 89
60 94
61 76
61 98
62 93
62 95
62 96
63 78
63 87
64 66
65 69
65 85
66 97
67 85
67 92
68 73
70 81
70 92
71 91
72 83
72 94
73 91
74 78
74 94
74 99
75 77
75 79
76 80
76 96
77 79
78 87
78 94
79 94
80 81
80 92
80 93
80 95
81 92
82 98
83 97
86 91
90 97
92 95
93 95
93 96

================================================================================
РАСКРАСКА ПО ВЕРШИНАМ
================================================================================
0: 2 (ЗЕЛЁНЫЙ)
1: 3 (ЧЕТВЁРТЫЙ)
2: 0 (КРАСНЫЙ)
3: 0 (КРАСНЫЙ)
4: 3 (ЧЕТВЁРТЫЙ)
5: 0 (КРАСНЫЙ)
6: 2 (ЗЕЛЁНЫЙ)
7: 3 (ЧЕТВЁРТЫЙ)
8: 2 (ЗЕЛЁНЫЙ)
9: 0 (КРАСНЫЙ)
10: 0 (КРАСНЫЙ)
11: 0 (КРАСНЫЙ)
12: 1 (СИНИЙ)
13: 2 (ЗЕЛЁНЫЙ)
14: 3 (ЧЕТВЁРТЫЙ)
15: 0 (КРАСНЫЙ)
16: 1 (СИНИЙ)
17: 1 (СИНИЙ)
18: 3 (ЧЕТВЁРТЫЙ)
19: 3 (ЧЕТВЁРТЫЙ)
20: 3 (ЧЕТВЁРТЫЙ)
21: 0 (КРАСНЫЙ)
22: 2 (ЗЕЛЁНЫЙ)
23: 0 (КРАСНЫЙ)
24: 0 (КРАСНЫЙ)
25: 0 (КРАСНЫЙ)
26: 1 (СИНИЙ)
27: 3 (ЧЕТВЁРТЫЙ)
28: 3 (ЧЕТВЁРТЫЙ)
29: 2 (ЗЕЛЁНЫЙ)
30: 0 (КРАСНЫЙ)
31: 3 (ЧЕТВЁРТЫЙ)
32: 3 (ЧЕТВЁРТЫЙ)
33: 1 (СИНИЙ)
34: 1 (СИНИЙ)
35: 3 (ЧЕТВЁРТЫЙ)
36: 0 (КРАСНЫЙ)
37: 0 (КРАСНЫЙ)
38: 2 (ЗЕЛЁНЫЙ)
39: 0 (КРАСНЫЙ)
40: 1 (СИНИЙ)
41: 0 (КРАСНЫЙ)
42: 3 (ЧЕТВЁРТЫЙ)
43: 1 (СИНИЙ)
44: 1 (СИНИЙ)
45: 1 (СИНИЙ)
46: 1 (СИНИЙ)
47: 0 (КРАСНЫЙ)
48: 2 (ЗЕЛЁНЫЙ)
49: 3 (ЧЕТВЁРТЫЙ)
50: 3 (ЧЕТВЁРТЫЙ)
51: 3 (ЧЕТВЁРТЫЙ)
52: 0 (КРАСНЫЙ)
53: 0 (КРАСНЫЙ)
54: 1 (СИНИЙ)
55: 0 (КРАСНЫЙ)
56: 3 (ЧЕТВЁРТЫЙ)
57: 0 (КРАСНЫЙ)
58: 3 (ЧЕТВЁРТЫЙ)
59: 0 (КРАСНЫЙ)
60: 3 (ЧЕТВЁРТЫЙ)
61: 1 (СИНИЙ)
62: 1 (СИНИЙ)
63: 1 (СИНИЙ)
64: 2 (ЗЕЛЁНЫЙ)
65: 1 (СИНИЙ)
66: 1 (СИНИЙ)
67: 1 (СИНИЙ)
68: 1 (СИНИЙ)
69: 3 (ЧЕТВЁРТЫЙ)
70: 1 (СИНИЙ)
71: 2 (ЗЕЛЁНЫЙ)
72: 2 (ЗЕЛЁНЫЙ)
73: 2 (ЗЕЛЁНЫЙ)
74: 3 (ЧЕТВЁРТЫЙ)
75: 0 (КРАСНЫЙ)
76: 3 (ЧЕТВЁРТЫЙ)
77: 1 (СИНИЙ)
78: 0 (КРАСНЫЙ)
79: 2 (ЗЕЛЁНЫЙ)
80: 1 (СИНИЙ)
81: 3 (ЧЕТВЁРТЫЙ)
82: 1 (СИНИЙ)
83: 1 (СИНИЙ)
84: 3 (ЧЕТВЁРТЫЙ)
85: 2 (ЗЕЛЁНЫЙ)
86: 3 (ЧЕТВЁРТЫЙ)
87: 2 (ЗЕЛЁНЫЙ)
88: 2 (ЗЕЛЁНЫЙ)
89: 2 (ЗЕЛЁНЫЙ)
90: 2 (ЗЕЛЁНЫЙ)
91: 0 (КРАСНЫЙ)
92: 0 (КРАСНЫЙ)
93: 3 (ЧЕТВЁРТЫЙ)
94: 1 (СИНИЙ)
95: 2 (ЗЕЛЁНЫЙ)
96: 2 (ЗЕЛЁНЫЙ)
97: 0 (КРАСНЫЙ)
98: 3 (ЧЕТВЁРТЫЙ)
99: 1 (СИНИЙ)

================================================================================
РЕЗУЛЬТАТ ПРОВЕРКИ
================================================================================
Всего рёбер: 294
Проверено рёбер: 294
Конфликты: НЕТ
OK: КОНФЛИКТОВ НЕТ! Раскраска корректна.
