Лог-файл раскраски графа
Граф: graph_100_098
Дата: 2026-09-21 10:42:21
Статус: УСПЕШНО
Время выполнения: 12.35 секунд
================================================================================

Загружен граф: 100 вершин, 294 рёбер
Имя графа: graph_100_098
Файл: graphs100\graph_100_098.json

================================================================================
ГРАФ
================================================================================
Всего вершин: 100
Всего рёбер: 294

Вершины:
0
1
2
3
4
5
6
7
8
9
10
11
12
13
14
15
16
17
18
19
20
21
22
23
24
25
26
27
28
29
30
31
32
33
34
35
36
37
38
39
40
41
42
43
44
45
46
47
48
49
50
51
52
53
54
55
56
57
58
59
60
61
62
63
64
65
66
67
68
69
70
71
72
73
74
75
76
77
78
79
80
81
82
83
84
85
86
87
88
89
90
91
92
93
94
95
96
97
98
99

Рёбра:
0 15
0 33
0 67
0 69
0 80
1 8
1 13
1 59
1 68
1 72
1 95
2 21
2 23
2 26
2 27
2 39
2 54
2 66
3 5
3 32
3 34
3 36
3 56
3 70
3 92
4 21
4 44
4 74
4 79
4 90
5 35
5 56
5 70
5 75
6 9
6 40
6 47
6 48
6 62
6 67
6 83
7 43
7 46
7 63
7 65
7 76
8 16
8 19
8 61
8 68
8 72
8 73
9 11
9 15
9 20
9 47
9 55
9 67
9 83
10 49
10 50
10 54
10 62
10 66
10 67
11 20
11 55
11 65
11 71
11 81
12 22
12 37
12 52
12 91
12 93
12 94
13 51
13 59
13 72
14 25
14 69
14 71
14 76
14 81
15 25
15 55
15 67
15 69
15 81
16 61
16 69
16 73
16 80
16 88
16 92
17 37
17 51
17 59
18 38
18 85
18 86
18 87
18 91
18 98
19 46
19 61
19 72
19 97
19 99
20 63
20 65
20 83
21 23
21 24
21 27
21 30
21 79
21 90
22 24
22 27
22 37
22 63
22 83
22 93
23 26
23 34
23 74
23 90
24 27
24 30
24 57
24 93
25 69
25 81
26 32
26 34
26 42
26 54
26 77
27 39
27 78
27 83
27 89
28 44
28 45
28 74
28 82
29 52
29 85
29 87
29 96
30 44
30 57
30 79
31 35
31 45
31 85
31 86
31 96
31 98
32 34
32 77
32 92
33 42
33 49
33 67
33 80
34 36
34 74
35 36
35 45
35 70
35 75
35 98
36 45
36 70
36 74
37 38
37 51
37 59
37 63
37 91
37 95
38 84
38 91
38 95
38 98
39 40
39 50
39 53
39 62
39 66
39 78
40 48
40 53
40 58
40 62
41 69
41 76
41 88
42 49
42 54
42 77
42 80
42 92
43 46
43 51
43 63
43 64
43 99
44 57
44 74
44 79
44 82
45 74
45 82
45 96
46 76
46 88
46 97
46 99
47 83
48 58
48 83
48 89
49 54
49 67
50 62
50 66
51 59
51 63
51 64
51 72
52 82
52 87
52 91
52 94
52 96
53 58
53 78
54 66
55 81
56 60
56 75
56 92
57 82
57 93
57 94
58 78
58 89
59 95
60 68
60 73
60 75
60 84
60 92
61 88
61 97
62 67
63 65
63 83
64 72
64 99
65 71
65 76
68 73
68 84
68 95
69 76
69 80
69 88
71 76
71 81
72 99
73 92
74 90
75 84
75 98
76 88
77 92
78 89
80 92
82 94
82 96
83 89
84 95
84 98
85 86
85 87
85 96
86 98
87 91
88 97
93 94

================================================================================
РАСКРАСКА ПО ВЕРШИНАМ
================================================================================
0: 0 (КРАСНЫЙ)
1: 3 (ЧЕТВЁРТЫЙ)
2: 3 (ЧЕТВЁРТЫЙ)
3: 0 (КРАСНЫЙ)
4: 1 (СИНИЙ)
5: 1 (СИНИЙ)
6: 0 (КРАСНЫЙ)
7: 3 (ЧЕТВЁРТЫЙ)
8: 1 (СИНИЙ)
9: 1 (СИНИЙ)
10: 0 (КРАСНЫЙ)
11: 0 (КРАСНЫЙ)
12: 1 (СИНИЙ)
13: 2 (ЗЕЛЁНЫЙ)
14: 2 (ЗЕЛЁНЫЙ)
15: 2 (ЗЕЛЁНЫЙ)
16: 0 (КРАСНЫЙ)
17: 2 (ЗЕЛЁНЫЙ)
18: 0 (КРАСНЫЙ)
19: 2 (ЗЕЛЁНЫЙ)
20: 3 (ЧЕТВЁРТЫЙ)
21: 0 (КРАСНЫЙ)
22: 3 (ЧЕТВЁРТЫЙ)
23: 1 (СИНИЙ)
24: 2 (ЗЕЛЁНЫЙ)
25: 0 (КРАСНЫЙ)
26: 0 (КРАСНЫЙ)
27: 1 (СИНИЙ)
28: 1 (СИНИЙ)
29: 2 (ЗЕЛЁНЫЙ)
30: 3 (ЧЕТВЁРТЫЙ)
31: 0 (КРАСНЫЙ)
32: 3 (ЧЕТВЁРТЫЙ)
33: 1 (СИНИЙ)
34: 2 (ЗЕЛЁНЫЙ)
35: 3 (ЧЕТВЁРТЫЙ)
36: 1 (СИНИЙ)
37: 0 (КРАСНЫЙ)
38: 1 (СИНИЙ)
39: 0 (КРАСНЫЙ)
40: 3 (ЧЕТВЁРТЫЙ)
41: 1 (СИНИЙ)
42: 3 (ЧЕТВЁРТЫЙ)
43: 0 (КРАСНЫЙ)
44: 0 (КРАСНЫЙ)
45: 2 (ЗЕЛЁНЫЙ)
46: 1 (СИНИЙ)
47: 3 (ЧЕТВЁРТЫЙ)
48: 1 (СИНИЙ)
49: 2 (ЗЕЛЁНЫЙ)
50: 3 (ЧЕТВЁРТЫЙ)
51: 3 (ЧЕТВЁРТЫЙ)
52: 0 (КРАСНЫЙ)
53: 1 (СИНИЙ)
54: 1 (СИНИЙ)
55: 3 (ЧЕТВЁРТЫЙ)
56: 3 (ЧЕТВЁРТЫЙ)
57: 1 (СИНИЙ)
58: 2 (ЗЕЛЁНЫЙ)
59: 1 (СИНИЙ)
60: 2 (ЗЕЛЁНЫЙ)
61: 3 (ЧЕТВЁРТЫЙ)
62: 1 (СИНИЙ)
63: 1 (СИНИЙ)
64: 1 (СИНИЙ)
65: 2 (ЗЕЛЁНЫЙ)
66: 2 (ЗЕЛЁНЫЙ)
67: 3 (ЧЕТВЁРТЫЙ)
68: 0 (КРАСНЫЙ)
69: 3 (ЧЕТВЁРТЫЙ)
70: 2 (ЗЕЛЁНЫЙ)
71: 3 (ЧЕТВЁРТЫЙ)
72: 0 (КРАСНЫЙ)
73: 3 (ЧЕТВЁРТЫЙ)
74: 3 (ЧЕТВЁРТЫЙ)
75: 0 (КРАСНЫЙ)
76: 0 (КРАСНЫЙ)
77: 2 (ЗЕЛЁНЫЙ)
78: 3 (ЧЕТВЁРТЫЙ)
79: 2 (ЗЕЛЁНЫЙ)
80: 2 (ЗЕЛЁНЫЙ)
81: 1 (СИНИЙ)
82: 3 (ЧЕТВЁРТЫЙ)
83: 2 (ЗЕЛЁНЫЙ)
84: 3 (ЧЕТВЁРТЫЙ)
85: 3 (ЧЕТВЁРТЫЙ)
86: 1 (СИНИЙ)
87: 1 (СИНИЙ)
88: 2 (ЗЕЛЁНЫЙ)
89: 0 (КРАСНЫЙ)
90: 2 (ЗЕЛЁНЫЙ)
91: 3 (ЧЕТВЁРТЫЙ)
92: 1 (СИНИЙ)
93: 0 (КРАСНЫЙ)
94: 2 (ЗЕЛЁНЫЙ)
95: 2 (ЗЕЛЁНЫЙ)
96: 1 (СИНИЙ)
97: 0 (КРАСНЫЙ)
98: 2 (ЗЕЛЁНЫЙ)
99: 3 (ЧЕТВЁРТЫЙ)

================================================================================
РЕЗУЛЬТАТ ПРОВЕРКИ
================================================================================
Всего рёбер: 294
Проверено рёбер: 294
Конфликты: НЕТ
OK: КОНФЛИКТОВ НЕТ! Раскраска корректна.
