Лог-файл раскраски графа
Граф: graph_100_079
Дата: 2026-09-21 10:30:51
Статус: УСПЕШНО
Время выполнения: 12.73 секунд
================================================================================

Загружен граф: 100 вершин, 294 рёбер
Имя графа: graph_100_079
Файл: graphs100\graph_100_079.json

================================================================================
ГРАФ
================================================================================
Всего вершин: 100
Всего рёбер: 294

Вершины:
0
1
2
3
4
5
6
7
8
9
10
11
12
13
14
15
16
17
18
19
20
21
22
23
24
25
26
27
28
29
30
31
32
33
34
35
36
37
38
39
40
41
42
43
44
45
46
47
48
49
50
51
52
53
54
55
56
57
58
59
60
61
62
63
64
65
66
67
68
69
70
71
72
73
74
75
76
77
78
79
80
81
82
83
84
85
86
87
88
89
90
91
92
93
94
95
96
97
98
99

Рёбра:
0 9
0 25
0 35
0 38
0 52
0 57
0 58
0 61
0 99
1 45
1 66
1 67
1 86
1 87
1 94
1 98
2 18
2 23
2 40
2 47
2 72
2 97
3 5
3 12
3 13
3 14
3 31
3 82
4 21
4 48
4 74
4 88
4 91
5 13
5 39
5 82
6 18
6 62
6 63
6 64
6 97
7 25
7 38
7 41
7 49
7 52
7 53
7 58
7 63
7 78
8 9
8 21
8 57
8 67
8 68
8 99
9 57
9 99
10 15
10 48
10 57
10 61
10 96
11 30
11 34
11 36
11 46
11 86
11 94
12 14
12 31
12 71
12 75
13 28
13 31
13 33
13 39
14 70
14 71
14 82
15 24
15 26
15 48
15 88
15 96
16 23
16 47
16 50
16 73
16 85
17 19
17 73
17 79
17 83
17 84
17 85
17 89
18 29
18 32
18 62
18 72
18 97
19 35
19 83
19 85
20 25
20 35
20 47
20 63
20 85
20 97
21 48
21 57
21 68
21 74
21 81
22 56
22 60
22 70
22 80
22 93
23 40
23 47
23 50
24 26
24 42
24 59
24 69
24 92
24 96
25 35
25 38
25 63
26 69
26 88
27 59
27 65
27 77
27 80
27 93
28 31
28 33
28 43
28 75
29 32
29 43
29 51
29 62
29 64
29 75
30 34
30 66
30 79
30 89
30 94
31 75
32 51
32 55
32 72
32 76
33 39
33 43
33 49
33 53
34 36
34 89
35 83
35 85
35 98
35 99
36 46
36 89
36 95
37 40
37 50
37 55
37 84
37 95
38 58
39 41
39 44
39 53
39 54
39 56
39 82
40 50
40 55
40 72
41 52
41 54
41 56
41 78
41 80
42 52
42 59
42 61
42 65
42 80
42 96
43 49
43 64
43 75
44 56
44 60
44 70
44 82
45 87
45 98
45 99
46 86
46 90
46 95
47 85
47 97
48 57
48 88
49 53
49 63
49 64
50 73
50 84
51 75
51 76
52 58
52 61
52 80
53 54
53 78
54 78
55 71
55 72
55 76
55 95
56 60
56 80
57 61
59 65
59 77
59 92
60 70
61 96
62 64
63 64
63 97
65 80
66 79
66 83
66 94
66 98
67 68
67 86
67 87
67 90
67 99
68 81
68 90
69 88
69 92
69 93
70 71
70 82
70 93
71 75
71 76
71 88
71 93
71 95
73 84
73 85
74 81
74 90
74 91
75 76
77 92
77 93
79 83
79 89
80 93
81 90
83 98
84 89
84 95
86 90
86 94
87 99
88 91
88 93
88 95
89 95
90 91
90 95
91 95
92 93
98 99

================================================================================
РАСКРАСКА ПО ВЕРШИНАМ
================================================================================
0: 0 (КРАСНЫЙ)
1: 3 (ЧЕТВЁРТЫЙ)
2: 2 (ЗЕЛЁНЫЙ)
3: 2 (ЗЕЛЁНЫЙ)
4: 3 (ЧЕТВЁРТЫЙ)
5: 0 (КРАСНЫЙ)
6: 0 (КРАСНЫЙ)
7: 0 (КРАСНЫЙ)
8: 2 (ЗЕЛЁНЫЙ)
9: 1 (СИНИЙ)
10: 0 (КРАСНЫЙ)
11: 0 (КРАСНЫЙ)
12: 1 (СИНИЙ)
13: 3 (ЧЕТВЁРТЫЙ)
14: 0 (КРАСНЫЙ)
15: 3 (ЧЕТВЁРТЫЙ)
16: 2 (ЗЕЛЁНЫЙ)
17: 0 (КРАСНЫЙ)
18: 1 (СИНИЙ)
19: 1 (СИНИЙ)
20: 0 (КРАСНЫЙ)
21: 0 (КРАСНЫЙ)
22: 0 (КРАСНЫЙ)
23: 3 (ЧЕТВЁРТЫЙ)
24: 1 (СИНИЙ)
25: 3 (ЧЕТВЁРТЫЙ)
26: 2 (ЗЕЛЁНЫЙ)
27: 0 (КРАСНЫЙ)
28: 1 (СИНИЙ)
29: 0 (КРАСНЫЙ)
30: 3 (ЧЕТВЁРТЫЙ)
31: 0 (КРАСНЫЙ)
32: 2 (ЗЕЛЁНЫЙ)
33: 0 (КРАСНЫЙ)
34: 2 (ЗЕЛЁНЫЙ)
35: 2 (ЗЕЛЁНЫЙ)
36: 3 (ЧЕТВЁРТЫЙ)
37: 2 (ЗЕЛЁНЫЙ)
38: 1 (СИНИЙ)
39: 1 (СИНИЙ)
40: 1 (СИНИЙ)
41: 2 (ЗЕЛЁНЫЙ)
42: 0 (КРАСНЫЙ)
43: 2 (ЗЕЛЁНЫЙ)
44: 0 (КРАСНЫЙ)
45: 0 (КРАСНЫЙ)
46: 1 (СИНИЙ)
47: 1 (СИНИЙ)
48: 2 (ЗЕЛЁНЫЙ)
49: 3 (ЧЕТВЁРТЫЙ)
50: 0 (КРАСНЫЙ)
51: 1 (СИНИЙ)
52: 3 (ЧЕТВЁРТЫЙ)
53: 2 (ЗЕЛЁНЫЙ)
54: 3 (ЧЕТВЁРТЫЙ)
55: 3 (ЧЕТВЁРТЫЙ)
56: 3 (ЧЕТВЁРТЫЙ)
57: 3 (ЧЕТВЁРТЫЙ)
58: 2 (ЗЕЛЁНЫЙ)
59: 3 (ЧЕТВЁРТЫЙ)
60: 2 (ЗЕЛЁНЫЙ)
61: 1 (СИНИЙ)
62: 3 (ЧЕТВЁРТЫЙ)
63: 2 (ЗЕЛЁНЫЙ)
64: 1 (СИНИЙ)
65: 2 (ЗЕЛЁНЫЙ)
66: 0 (КРАСНЫЙ)
67: 0 (КРАСНЫЙ)
68: 1 (СИНИЙ)
69: 0 (КРАСНЫЙ)
70: 1 (СИНИЙ)
71: 2 (ЗЕЛЁНЫЙ)
72: 0 (КРАСНЫЙ)
73: 1 (СИНИЙ)
74: 1 (СИНИЙ)
75: 3 (ЧЕТВЁРТЫЙ)
76: 0 (КРАСНЫЙ)
77: 1 (СИНИЙ)
78: 1 (СИНИЙ)
79: 2 (ЗЕЛЁНЫЙ)
80: 1 (СИНИЙ)
81: 2 (ЗЕЛЁНЫЙ)
82: 3 (ЧЕТВЁРТЫЙ)
83: 3 (ЧЕТВЁРТЫЙ)
84: 3 (ЧЕТВЁРТЫЙ)
85: 3 (ЧЕТВЁРТЫЙ)
86: 2 (ЗЕЛЁНЫЙ)
87: 1 (СИНИЙ)
88: 1 (СИНИЙ)
89: 1 (СИНИЙ)
90: 3 (ЧЕТВЁРТЫЙ)
91: 2 (ЗЕЛЁНЫЙ)
92: 2 (ЗЕЛЁНЫЙ)
93: 3 (ЧЕТВЁРТЫЙ)
94: 1 (СИНИЙ)
95: 0 (КРАСНЫЙ)
96: 2 (ЗЕЛЁНЫЙ)
97: 3 (ЧЕТВЁРТЫЙ)
98: 1 (СИНИЙ)
99: 3 (ЧЕТВЁРТЫЙ)

================================================================================
РЕЗУЛЬТАТ ПРОВЕРКИ
================================================================================
Всего рёбер: 294
Проверено рёбер: 294
Конфликты: НЕТ
OK: КОНФЛИКТОВ НЕТ! Раскраска корректна.
