Лог-файл раскраски графа
Граф: graph_100_024
Дата: 2026-09-21 10:11:38
Статус: УСПЕШНО
Время выполнения: 13.38 секунд
================================================================================

Загружен граф: 100 вершин, 294 рёбер
Имя графа: graph_100_024
Файл: graphs100\graph_100_024.json

================================================================================
ГРАФ
================================================================================
Всего вершин: 100
Всего рёбер: 294

Вершины:
0
1
2
3
4
5
6
7
8
9
10
11
12
13
14
15
16
17
18
19
20
21
22
23
24
25
26
27
28
29
30
31
32
33
34
35
36
37
38
39
40
41
42
43
44
45
46
47
48
49
50
51
52
53
54
55
56
57
58
59
60
61
62
63
64
65
66
67
68
69
70
71
72
73
74
75
76
77
78
79
80
81
82
83
84
85
86
87
88
89
90
91
92
93
94
95
96
97
98
99

Рёбра:
0 3
0 13
0 26
0 69
0 75
0 91
1 3
1 32
1 73
1 80
2 20
2 41
2 42
2 72
2 85
2 88
2 90
2 97
3 13
3 23
3 26
3 32
3 55
3 80
4 5
4 44
4 57
4 67
4 76
4 92
5 33
5 67
5 82
5 83
5 92
6 24
6 37
6 39
6 75
6 86
7 14
7 53
7 81
7 89
8 11
8 17
8 18
8 34
8 48
8 52
8 62
8 69
9 15
9 30
9 51
9 68
9 86
10 19
10 36
10 59
10 65
10 93
10 94
11 34
11 62
11 66
11 87
12 26
12 84
12 91
13 16
13 18
13 23
13 65
13 69
14 47
14 60
14 81
14 89
15 28
15 30
15 51
15 61
15 72
15 87
15 90
15 97
16 17
16 18
16 50
16 65
17 18
17 50
17 52
18 69
19 32
19 36
19 38
19 59
19 73
20 22
20 41
20 61
20 97
21 44
21 49
21 95
21 98
22 41
22 45
22 48
22 61
22 74
22 83
23 55
23 65
23 94
24 37
24 39
24 43
24 51
24 84
25 46
25 54
25 71
25 79
25 80
26 80
26 84
26 91
27 38
27 60
27 64
27 77
27 79
28 30
28 66
28 87
29 33
29 45
29 56
29 63
29 89
30 66
30 86
31 54
31 95
31 98
32 36
32 55
32 73
33 40
33 45
33 53
33 83
33 89
33 92
34 48
34 61
34 87
35 43
35 51
35 88
35 90
36 55
36 94
37 51
37 68
37 86
38 47
38 59
38 60
38 64
38 70
38 71
38 73
39 75
39 84
39 91
40 53
40 54
40 58
40 92
41 42
41 67
41 82
41 83
42 67
42 85
42 96
43 51
43 78
43 84
43 85
43 88
43 98
44 49
44 76
44 78
44 92
44 98
45 63
45 74
45 83
46 64
46 71
46 79
47 56
47 60
47 70
47 89
48 52
48 61
48 74
49 54
49 92
49 95
50 52
50 65
50 93
50 99
51 68
51 90
52 56
52 63
52 74
52 99
53 58
53 81
53 89
54 58
54 79
54 80
54 92
54 95
54 98
55 94
56 63
56 70
56 89
56 99
57 67
57 76
58 77
58 79
58 81
59 70
59 93
60 77
60 81
61 87
61 97
62 66
62 69
62 75
63 74
64 71
64 79
65 93
65 94
66 75
66 86
66 87
67 76
67 82
67 96
68 86
69 75
70 93
70 99
71 73
71 80
72 90
72 97
73 80
75 86
75 91
76 78
76 96
77 79
77 81
78 85
78 96
78 98
80 84
80 98
82 83
84 91
84 98
85 88
85 96
88 90
93 99
95 98

================================================================================
РАСКРАСКА ПО ВЕРШИНАМ
================================================================================
0: 0 (КРАСНЫЙ)
1: 1 (СИНИЙ)
2: 3 (ЧЕТВЁРТЫЙ)
3: 3 (ЧЕТВЁРТЫЙ)
4: 2 (ЗЕЛЁНЫЙ)
5: 0 (КРАСНЫЙ)
6: 0 (КРАСНЫЙ)
7: 3 (ЧЕТВЁРТЫЙ)
8: 0 (КРАСНЫЙ)
9: 1 (СИНИЙ)
10: 0 (КРАСНЫЙ)
11: 3 (ЧЕТВЁРТЫЙ)
12: 0 (КРАСНЫЙ)
13: 1 (СИНИЙ)
14: 0 (КРАСНЫЙ)
15: 3 (ЧЕТВЁРТЫЙ)
16: 0 (КРАСНЫЙ)
17: 3 (ЧЕТВЁРТЫЙ)
18: 2 (ЗЕЛЁНЫЙ)
19: 1 (СИНИЙ)
20: 2 (ЗЕЛЁНЫЙ)
21: 1 (СИНИЙ)
22: 1 (СИНИЙ)
23: 0 (КРАСНЫЙ)
24: 3 (ЧЕТВЁРТЫЙ)
25: 3 (ЧЕТВЁРТЫЙ)
26: 1 (СИНИЙ)
27: 2 (ЗЕЛЁНЫЙ)
28: 1 (СИНИЙ)
29: 1 (СИНИЙ)
30: 2 (ЗЕЛЁНЫЙ)
31: 1 (СИНИЙ)
32: 0 (КРАСНЫЙ)
33: 3 (ЧЕТВЁРТЫЙ)
34: 1 (СИНИЙ)
35: 3 (ЧЕТВЁРТЫЙ)
36: 3 (ЧЕТВЁРТЫЙ)
37: 1 (СИНИЙ)
38: 0 (КРАСНЫЙ)
39: 1 (СИНИЙ)
40: 0 (КРАСНЫЙ)
41: 0 (КРАСНЫЙ)
42: 2 (ЗЕЛЁНЫЙ)
43: 0 (КРАСНЫЙ)
44: 0 (КРАСНЫЙ)
45: 0 (КРАСНЫЙ)
46: 0 (КРАСНЫЙ)
47: 3 (ЧЕТВЁРТЫЙ)
48: 3 (ЧЕТВЁРТЫЙ)
49: 3 (ЧЕТВЁРТЫЙ)
50: 2 (ЗЕЛЁНЫЙ)
51: 2 (ЗЕЛЁНЫЙ)
52: 1 (СИНИЙ)
53: 1 (СИНИЙ)
54: 2 (ЗЕЛЁНЫЙ)
55: 1 (СИНИЙ)
56: 0 (КРАСНЫЙ)
57: 0 (КРАСНЫЙ)
58: 3 (ЧЕТВЁРТЫЙ)
59: 3 (ЧЕТВЁРТЫЙ)
60: 1 (СИНИЙ)
61: 0 (КРАСНЫЙ)
62: 1 (СИНИЙ)
63: 3 (ЧЕТВЁРТЫЙ)
64: 3 (ЧЕТВЁРТЫЙ)
65: 3 (ЧЕТВЁРТЫЙ)
66: 0 (КРАСНЫЙ)
67: 3 (ЧЕТВЁРТЫЙ)
68: 0 (КРАСНЫЙ)
69: 3 (ЧЕТВЁРТЫЙ)
70: 2 (ЗЕЛЁНЫЙ)
71: 1 (СИНИЙ)
72: 0 (КРАСНЫЙ)
73: 3 (ЧЕТВЁРТЫЙ)
74: 2 (ЗЕЛЁНЫЙ)
75: 2 (ЗЕЛЁНЫЙ)
76: 1 (СИНИЙ)
77: 0 (КРАСНЫЙ)
78: 2 (ЗЕЛЁНЫЙ)
79: 1 (СИНИЙ)
80: 0 (КРАСНЫЙ)
81: 2 (ЗЕЛЁНЫЙ)
82: 1 (СИНИЙ)
83: 2 (ЗЕЛЁНЫЙ)
84: 2 (ЗЕЛЁНЫЙ)
85: 1 (СИНИЙ)
86: 3 (ЧЕТВЁРТЫЙ)
87: 2 (ЗЕЛЁНЫЙ)
88: 2 (ЗЕЛЁНЫЙ)
89: 2 (ЗЕЛЁНЫЙ)
90: 1 (СИНИЙ)
91: 3 (ЧЕТВЁРТЫЙ)
92: 1 (СИНИЙ)
93: 1 (СИНИЙ)
94: 2 (ЗЕЛЁНЫЙ)
95: 0 (КРАСНЫЙ)
96: 0 (КРАСНЫЙ)
97: 1 (СИНИЙ)
98: 3 (ЧЕТВЁРТЫЙ)
99: 3 (ЧЕТВЁРТЫЙ)

================================================================================
РЕЗУЛЬТАТ ПРОВЕРКИ
================================================================================
Всего рёбер: 294
Проверено рёбер: 294
Конфликты: НЕТ
OK: КОНФЛИКТОВ НЕТ! Раскраска корректна.
