Лог-файл раскраски графа
Граф: graph_100_028
Дата: 2026-09-21 10:12:27
Статус: УСПЕШНО
Время выполнения: 9.22 секунд
================================================================================

Загружен граф: 100 вершин, 294 рёбер
Имя графа: graph_100_028
Файл: graphs100\graph_100_028.json

================================================================================
ГРАФ
================================================================================
Всего вершин: 100
Всего рёбер: 294

Вершины:
0
1
2
3
4
5
6
7
8
9
10
11
12
13
14
15
16
17
18
19
20
21
22
23
24
25
26
27
28
29
30
31
32
33
34
35
36
37
38
39
40
41
42
43
44
45
46
47
48
49
50
51
52
53
54
55
56
57
58
59
60
61
62
63
64
65
66
67
68
69
70
71
72
73
74
75
76
77
78
79
80
81
82
83
84
85
86
87
88
89
90
91
92
93
94
95
96
97
98
99

Рёбра:
0 2
0 23
0 33
0 60
0 68
0 77
0 95
1 16
1 53
1 57
1 61
1 62
1 78
1 84
2 33
2 58
2 95
2 98
3 5
3 41
3 48
3 52
3 69
3 76
3 85
4 7
4 12
4 31
4 81
5 21
5 41
5 76
6 8
6 13
6 37
6 51
6 74
6 80
7 12
7 45
7 63
7 81
8 13
8 70
8 71
8 72
8 80
8 96
9 39
9 40
9 46
9 55
9 59
9 97
10 47
10 53
10 59
10 92
10 99
11 58
11 73
11 77
11 81
11 89
11 95
12 15
12 21
12 31
12 43
12 45
12 49
13 51
13 72
14 17
14 19
14 26
14 28
14 74
14 83
15 43
15 44
15 49
15 54
15 66
15 67
16 61
16 62
17 24
17 28
17 34
17 83
17 93
18 44
18 45
18 63
18 66
18 73
18 75
19 22
19 26
19 32
19 42
19 74
19 82
20 29
20 61
20 62
20 65
20 88
20 91
21 31
21 41
21 49
21 76
21 79
21 85
22 51
22 72
22 74
22 82
23 36
23 60
23 73
23 77
24 31
24 34
24 35
24 83
24 93
25 42
25 55
25 82
25 94
25 98
26 28
26 32
27 28
27 31
27 32
27 81
27 89
27 98
28 31
28 32
28 93
29 69
29 88
29 91
30 44
30 67
30 75
30 86
30 87
31 35
31 74
31 81
31 85
31 93
32 42
32 98
33 68
33 94
33 98
34 93
35 74
35 83
36 60
36 73
36 75
36 87
36 97
37 56
37 65
37 74
37 80
37 85
38 41
38 50
38 52
38 64
38 69
38 79
38 87
39 40
39 46
39 92
40 59
40 92
41 52
41 79
42 82
42 98
43 45
43 66
44 54
44 66
44 75
44 86
45 63
45 66
46 50
46 88
46 92
46 97
47 55
47 59
47 70
47 72
47 82
47 99
48 65
48 69
48 85
48 91
49 67
49 79
50 64
50 69
50 88
50 90
50 97
51 72
51 74
52 69
53 57
53 62
53 88
53 92
53 99
54 67
54 86
55 59
55 60
55 68
55 82
55 94
55 97
56 61
56 65
56 78
56 80
56 84
57 80
57 84
57 96
57 99
58 89
58 95
58 98
59 92
60 68
60 97
61 62
61 65
61 78
62 88
63 73
63 81
64 87
64 90
65 85
65 91
67 79
67 86
67 87
68 94
69 88
69 91
70 71
70 72
70 99
71 96
71 99
72 82
73 75
73 77
73 81
74 83
74 85
75 87
76 85
77 95
78 84
79 87
80 84
80 96
81 89
87 90
87 97
88 92
89 98
90 97
94 98
96 99

================================================================================
РАСКРАСКА ПО ВЕРШИНАМ
================================================================================
0: 3 (ЧЕТВЁРТЫЙ)
1: 2 (ЗЕЛЁНЫЙ)
2: 0 (КРАСНЫЙ)
3: 3 (ЧЕТВЁРТЫЙ)
4: 3 (ЧЕТВЁРТЫЙ)
5: 0 (КРАСНЫЙ)
6: 2 (ЗЕЛЁНЫЙ)
7: 0 (КРАСНЫЙ)
8: 3 (ЧЕТВЁРТЫЙ)
9: 0 (КРАСНЫЙ)
10: 0 (КРАСНЫЙ)
11: 0 (КРАСНЫЙ)
12: 1 (СИНИЙ)
13: 1 (СИНИЙ)
14: 1 (СИНИЙ)
15: 0 (КРАСНЫЙ)
16: 1 (СИНИЙ)
17: 0 (КРАСНЫЙ)
18: 0 (КРАСНЫЙ)
19: 2 (ЗЕЛЁНЫЙ)
20: 1 (СИНИЙ)
21: 3 (ЧЕТВЁРТЫЙ)
22: 1 (СИНИЙ)
23: 2 (ЗЕЛЁНЫЙ)
24: 3 (ЧЕТВЁРТЫЙ)
25: 1 (СИНИЙ)
26: 0 (КРАСНЫЙ)
27: 0 (КРАСНЫЙ)
28: 3 (ЧЕТВЁРТЫЙ)
29: 0 (КРАСНЫЙ)
30: 1 (СИНИЙ)
31: 2 (ЗЕЛЁНЫЙ)
32: 1 (СИНИЙ)
33: 2 (ЗЕЛЁНЫЙ)
34: 2 (ЗЕЛЁНЫЙ)
35: 1 (СИНИЙ)
36: 1 (СИНИЙ)
37: 3 (ЧЕТВЁРТЫЙ)
38: 3 (ЧЕТВЁРТЫЙ)
39: 3 (ЧЕТВЁРТЫЙ)
40: 1 (СИНИЙ)
41: 2 (ЗЕЛЁНЫЙ)
42: 0 (КРАСНЫЙ)
43: 2 (ЗЕЛЁНЫЙ)
44: 3 (ЧЕТВЁРТЫЙ)
45: 3 (ЧЕТВЁРТЫЙ)
46: 1 (СИНИЙ)
47: 1 (СИНИЙ)
48: 0 (КРАСНЫЙ)
49: 2 (ЗЕЛЁНЫЙ)
50: 0 (КРАСНЫЙ)
51: 3 (ЧЕТВЁРТЫЙ)
52: 0 (КРАСНЫЙ)
53: 1 (СИНИЙ)
54: 1 (СИНИЙ)
55: 2 (ЗЕЛЁНЫЙ)
56: 0 (КРАСНЫЙ)
57: 0 (КРАСНЫЙ)
58: 1 (СИНИЙ)
59: 3 (ЧЕТВЁРТЫЙ)
60: 0 (КРАСНЫЙ)
61: 3 (ЧЕТВЁРТЫЙ)
62: 0 (КРАСНЫЙ)
63: 2 (ЗЕЛЁНЫЙ)
64: 1 (СИНИЙ)
65: 2 (ЗЕЛЁНЫЙ)
66: 1 (СИНИЙ)
67: 3 (ЧЕТВЁРТЫЙ)
68: 1 (СИНИЙ)
69: 1 (СИНИЙ)
70: 2 (ЗЕЛЁНЫЙ)
71: 0 (КРАСНЫЙ)
72: 0 (КРАСНЫЙ)
73: 3 (ЧЕТВЁРТЫЙ)
74: 0 (КРАСНЫЙ)
75: 2 (ЗЕЛЁНЫЙ)
76: 2 (ЗЕЛЁНЫЙ)
77: 1 (СИНИЙ)
78: 1 (СИНИЙ)
79: 1 (СИНИЙ)
80: 1 (СИНИЙ)
81: 1 (СИНИЙ)
82: 3 (ЧЕТВЁРТЫЙ)
83: 2 (ЗЕЛЁНЫЙ)
84: 3 (ЧЕТВЁРТЫЙ)
85: 1 (СИНИЙ)
86: 0 (КРАСНЫЙ)
87: 0 (КРАСНЫЙ)
88: 3 (ЧЕТВЁРТЫЙ)
89: 2 (ЗЕЛЁНЫЙ)
90: 2 (ЗЕЛЁНЫЙ)
91: 3 (ЧЕТВЁРТЫЙ)
92: 2 (ЗЕЛЁНЫЙ)
93: 1 (СИНИЙ)
94: 0 (КРАСНЫЙ)
95: 2 (ЗЕЛЁНЫЙ)
96: 2 (ЗЕЛЁНЫЙ)
97: 3 (ЧЕТВЁРТЫЙ)
98: 3 (ЧЕТВЁРТЫЙ)
99: 3 (ЧЕТВЁРТЫЙ)

================================================================================
РЕЗУЛЬТАТ ПРОВЕРКИ
================================================================================
Всего рёбер: 294
Проверено рёбер: 294
Конфликты: НЕТ
OK: КОНФЛИКТОВ НЕТ! Раскраска корректна.
