Лог-файл раскраски графа
Граф: graph_100_030
Дата: 2026-09-21 10:12:52
Статус: УСПЕШНО
Время выполнения: 13.62 секунд
================================================================================

Загружен граф: 100 вершин, 294 рёбер
Имя графа: graph_100_030
Файл: graphs100\graph_100_030.json

================================================================================
ГРАФ
================================================================================
Всего вершин: 100
Всего рёбер: 294

Вершины:
0
1
2
3
4
5
6
7
8
9
10
11
12
13
14
15
16
17
18
19
20
21
22
23
24
25
26
27
28
29
30
31
32
33
34
35
36
37
38
39
40
41
42
43
44
45
46
47
48
49
50
51
52
53
54
55
56
57
58
59
60
61
62
63
64
65
66
67
68
69
70
71
72
73
74
75
76
77
78
79
80
81
82
83
84
85
86
87
88
89
90
91
92
93
94
95
96
97
98
99

Рёбра:
0 4
0 13
0 15
0 27
0 34
0 57
0 72
0 85
1 11
1 36
1 57
1 71
1 72
1 85
1 99
2 3
2 27
2 28
2 50
2 64
3 7
3 12
3 42
3 50
3 64
3 75
4 13
4 16
4 34
5 14
5 35
5 47
5 55
5 62
5 88
6 10
6 30
6 41
6 66
6 84
6 89
7 42
7 61
7 75
7 99
8 41
8 69
8 76
8 80
8 82
9 21
9 38
9 49
9 53
9 60
9 78
9 81
9 93
9 94
10 63
10 74
10 84
10 89
10 97
11 36
11 61
11 96
11 98
11 99
12 28
12 50
12 75
13 16
13 39
13 85
14 47
14 54
14 55
15 25
15 27
15 28
15 72
16 34
16 39
16 52
16 79
17 18
17 26
17 30
17 51
17 65
17 66
17 70
18 22
18 30
18 33
18 59
18 70
19 31
19 39
19 44
19 78
20 35
20 45
20 48
20 65
20 87
21 81
21 91
21 93
22 30
22 31
22 33
22 52
22 79
23 40
23 42
23 67
23 90
23 95
24 38
24 60
24 73
24 96
25 28
25 71
25 72
25 75
26 51
26 66
26 69
26 82
27 28
27 32
27 34
27 64
27 86
28 50
28 75
29 43
29 49
29 54
29 73
29 91
30 63
30 66
30 79
30 89
31 33
31 39
31 43
31 44
31 52
31 62
31 88
32 34
32 74
32 77
32 83
32 86
32 97
33 59
33 88
34 79
34 97
35 45
35 47
35 48
35 88
36 78
36 85
36 94
36 98
37 46
37 47
37 48
37 54
37 76
38 60
38 94
38 96
39 52
39 78
39 85
40 42
40 58
40 90
41 58
41 66
41 69
41 76
41 84
41 92
42 58
42 61
42 64
42 95
42 96
43 44
43 54
43 62
43 91
43 93
44 78
44 93
45 59
45 65
45 70
45 88
46 48
46 68
46 76
46 80
46 87
47 48
47 54
48 87
49 53
49 73
49 81
49 91
51 56
51 65
51 82
51 87
52 79
53 60
53 73
54 55
54 62
54 73
54 76
55 62
56 68
56 82
56 87
57 72
57 85
58 76
58 90
58 92
58 96
59 70
59 88
60 73
61 96
61 99
62 88
63 79
63 89
63 97
64 86
64 95
65 70
65 87
66 69
67 77
67 83
67 86
67 90
67 95
68 80
68 82
68 87
69 82
71 72
71 75
71 99
73 76
73 96
74 83
74 84
74 92
74 97
75 99
76 80
76 96
77 83
77 86
78 85
78 93
78 94
79 97
80 82
81 91
83 90
83 92
84 92
86 95
90 92
91 93
94 96
94 98
96 98

================================================================================
РАСКРАСКА ПО ВЕРШИНАМ
================================================================================
0: 0 (КРАСНЫЙ)
1: 0 (КРАСНЫЙ)
2: 1 (СИНИЙ)
3: 3 (ЧЕТВЁРТЫЙ)
4: 2 (ЗЕЛЁНЫЙ)
5: 3 (ЧЕТВЁРТЫЙ)
6: 0 (КРАСНЫЙ)
7: 0 (КРАСНЫЙ)
8: 2 (ЗЕЛЁНЫЙ)
9: 3 (ЧЕТВЁРТЫЙ)
10: 3 (ЧЕТВЁРТЫЙ)
11: 1 (СИНИЙ)
12: 0 (КРАСНЫЙ)
13: 3 (ЧЕТВЁРТЫЙ)
14: 0 (КРАСНЫЙ)
15: 1 (СИНИЙ)
16: 0 (КРАСНЫЙ)
17: 0 (КРАСНЫЙ)
18: 3 (ЧЕТВЁРТЫЙ)
19: 2 (ЗЕЛЁНЫЙ)
20: 2 (ЗЕЛЁНЫЙ)
21: 0 (КРАСНЫЙ)
22: 0 (КРАСНЫЙ)
23: 0 (КРАСНЫЙ)
24: 1 (СИНИЙ)
25: 0 (КРАСНЫЙ)
26: 2 (ЗЕЛЁНЫЙ)
27: 2 (ЗЕЛЁНЫЙ)
28: 3 (ЧЕТВЁРТЫЙ)
29: 1 (СИНИЙ)
30: 2 (ЗЕЛЁНЫЙ)
31: 3 (ЧЕТВЁРТЫЙ)
32: 3 (ЧЕТВЁРТЫЙ)
33: 1 (СИНИЙ)
34: 1 (СИНИЙ)
35: 0 (КРАСНЫЙ)
36: 3 (ЧЕТВЁРТЫЙ)
37: 0 (КРАСНЫЙ)
38: 0 (КРАСНЫЙ)
39: 1 (СИНИЙ)
40: 3 (ЧЕТВЁРТЫЙ)
41: 3 (ЧЕТВЁРТЫЙ)
42: 1 (СИНИЙ)
43: 0 (КРАСНЫЙ)
44: 1 (СИНИЙ)
45: 3 (ЧЕТВЁРТЫЙ)
46: 2 (ЗЕЛЁНЫЙ)
47: 1 (СИНИЙ)
48: 3 (ЧЕТВЁРТЫЙ)
49: 2 (ЗЕЛЁНЫЙ)
50: 2 (ЗЕЛЁНЫЙ)
51: 3 (ЧЕТВЁРТЫЙ)
52: 2 (ЗЕЛЁНЫЙ)
53: 1 (СИНИЙ)
54: 3 (ЧЕТВЁРТЫЙ)
55: 2 (ЗЕЛЁНЫЙ)
56: 2 (ЗЕЛЁНЫЙ)
57: 1 (СИНИЙ)
58: 2 (ЗЕЛЁНЫЙ)
59: 0 (КРАСНЫЙ)
60: 2 (ЗЕЛЁНЫЙ)
61: 2 (ЗЕЛЁНЫЙ)
62: 1 (СИНИЙ)
63: 0 (КРАСНЫЙ)
64: 0 (КРАСНЫЙ)
65: 1 (СИНИЙ)
66: 1 (СИНИЙ)
67: 3 (ЧЕТВЁРТЫЙ)
68: 3 (ЧЕТВЁРТЫЙ)
69: 0 (КРАСНЫЙ)
70: 2 (ЗЕЛЁНЫЙ)
71: 1 (СИНИЙ)
72: 3 (ЧЕТВЁРТЫЙ)
73: 0 (КРАСНЫЙ)
74: 1 (СИНИЙ)
75: 2 (ЗЕЛЁНЫЙ)
76: 1 (СИНИЙ)
77: 0 (КРАСНЫЙ)
78: 0 (КРАСНЫЙ)
79: 3 (ЧЕТВЁРТЫЙ)
80: 0 (КРАСНЫЙ)
81: 1 (СИНИЙ)
82: 1 (СИНИЙ)
83: 2 (ЗЕЛЁНЫЙ)
84: 2 (ЗЕЛЁНЫЙ)
85: 2 (ЗЕЛЁНЫЙ)
86: 1 (СИНИЙ)
87: 0 (КРАСНЫЙ)
88: 2 (ЗЕЛЁНЫЙ)
89: 1 (СИНИЙ)
90: 1 (СИНИЙ)
91: 3 (ЧЕТВЁРТЫЙ)
92: 0 (КРАСНЫЙ)
93: 2 (ЗЕЛЁНЫЙ)
94: 1 (СИНИЙ)
95: 2 (ЗЕЛЁНЫЙ)
96: 3 (ЧЕТВЁРТЫЙ)
97: 2 (ЗЕЛЁНЫЙ)
98: 0 (КРАСНЫЙ)
99: 3 (ЧЕТВЁРТЫЙ)

================================================================================
РЕЗУЛЬТАТ ПРОВЕРКИ
================================================================================
Всего рёбер: 294
Проверено рёбер: 294
Конфликты: НЕТ
OK: КОНФЛИКТОВ НЕТ! Раскраска корректна.
