Лог-файл раскраски графа
Граф: graph_100_068
Дата: 2026-09-21 10:28:27
Статус: УСПЕШНО
Время выполнения: 15.28 секунд
================================================================================

Загружен граф: 100 вершин, 294 рёбер
Имя графа: graph_100_068
Файл: graphs100\graph_100_068.json

================================================================================
ГРАФ
================================================================================
Всего вершин: 100
Всего рёбер: 294

Вершины:
0
1
2
3
4
5
6
7
8
9
10
11
12
13
14
15
16
17
18
19
20
21
22
23
24
25
26
27
28
29
30
31
32
33
34
35
36
37
38
39
40
41
42
43
44
45
46
47
48
49
50
51
52
53
54
55
56
57
58
59
60
61
62
63
64
65
66
67
68
69
70
71
72
73
74
75
76
77
78
79
80
81
82
83
84
85
86
87
88
89
90
91
92
93
94
95
96
97
98
99

Рёбра:
0 12
0 44
0 71
0 79
0 91
0 92
1 14
1 42
1 45
1 49
1 91
1 97
2 29
2 40
2 43
2 64
2 66
2 67
2 94
2 97
3 25
3 42
3 56
3 84
3 97
4 24
4 30
4 35
4 51
4 75
4 77
5 13
5 16
5 35
5 77
5 90
6 13
6 16
6 38
6 69
6 85
7 19
7 51
7 58
7 65
7 75
7 83
7 98
8 15
8 16
8 18
8 52
8 69
9 10
9 33
9 50
9 71
9 92
10 33
10 41
10 57
10 59
10 87
10 92
11 39
11 53
11 65
11 76
11 98
12 71
12 72
12 78
12 82
12 91
13 16
13 38
13 90
14 45
14 66
14 78
14 91
15 18
15 63
15 68
15 69
16 35
16 52
16 69
17 27
17 31
17 37
17 41
17 62
17 74
17 95
18 28
18 35
18 52
18 65
18 68
18 89
19 24
19 30
19 31
19 51
19 58
20 47
20 48
20 60
20 62
20 67
20 81
20 96
20 99
21 33
21 37
21 41
21 50
21 81
21 87
22 36
22 54
22 58
22 61
22 83
23 40
23 67
23 68
23 89
24 30
24 51
25 38
25 42
25 44
25 56
25 79
26 61
26 74
26 83
26 95
27 31
27 41
27 57
27 59
27 86
28 39
28 46
28 53
28 65
28 89
29 43
29 56
29 80
29 84
29 97
30 31
30 38
30 77
30 90
31 34
31 36
31 38
31 58
31 86
31 88
31 95
32 34
32 54
32 61
32 88
32 95
33 50
33 87
34 36
34 54
34 88
35 52
35 65
35 75
35 77
36 54
36 58
37 41
37 62
37 81
38 55
38 56
38 79
38 80
38 85
38 86
38 90
39 53
39 65
40 43
40 63
40 67
40 68
41 59
41 87
42 44
42 49
42 97
43 63
43 70
43 80
44 49
44 79
44 91
45 64
45 66
45 97
46 47
46 48
46 53
46 89
47 48
47 67
47 89
48 53
48 60
48 73
49 91
50 71
50 72
50 81
50 96
51 75
53 73
53 76
54 61
55 56
55 80
56 80
56 84
57 59
57 86
57 92
58 83
60 62
60 73
60 74
60 83
60 93
61 83
61 95
62 74
62 81
62 93
63 68
63 69
63 70
64 66
64 97
65 75
65 98
66 78
66 82
66 94
67 89
67 94
67 99
68 89
69 70
69 85
70 80
70 85
71 72
71 92
72 82
72 96
72 99
73 76
73 83
74 83
74 93
74 95
76 83
76 98
77 90
78 82
78 91
79 86
79 92
80 85
81 96
82 94
82 99
83 98
84 97
86 92
88 95
94 99
96 99

================================================================================
РАСКРАСКА ПО ВЕРШИНАМ
================================================================================
0: 3 (ЧЕТВЁРТЫЙ)
1: 0 (КРАСНЫЙ)
2: 3 (ЧЕТВЁРТЫЙ)
3: 0 (КРАСНЫЙ)
4: 0 (КРАСНЫЙ)
5: 0 (КРАСНЫЙ)
6: 0 (КРАСНЫЙ)
7: 0 (КРАСНЫЙ)
8: 1 (СИНИЙ)
9: 0 (КРАСНЫЙ)
10: 3 (ЧЕТВЁРТЫЙ)
11: 0 (КРАСНЫЙ)
12: 0 (КРАСНЫЙ)
13: 1 (СИНИЙ)
14: 1 (СИНИЙ)
15: 0 (КРАСНЫЙ)
16: 3 (ЧЕТВЁРТЫЙ)
17: 0 (КРАСНЫЙ)
18: 3 (ЧЕТВЁРТЫЙ)
19: 3 (ЧЕТВЁРТЫЙ)
20: 0 (КРАСНЫЙ)
21: 0 (КРАСНЫЙ)
22: 3 (ЧЕТВЁРТЫЙ)
23: 3 (ЧЕТВЁРТЫЙ)
24: 2 (ЗЕЛЁНЫЙ)
25: 1 (СИНИЙ)
26: 0 (КРАСНЫЙ)
27: 3 (ЧЕТВЁРТЫЙ)
28: 0 (КРАСНЫЙ)
29: 1 (СИНИЙ)
30: 1 (СИНИЙ)
31: 2 (ЗЕЛЁНЫЙ)
32: 0 (КРАСНЫЙ)
33: 1 (СИНИЙ)
34: 3 (ЧЕТВЁРТЫЙ)
35: 1 (СИНИЙ)
36: 0 (КРАСНЫЙ)
37: 3 (ЧЕТВЁРТЫЙ)
38: 3 (ЧЕТВЁРТЫЙ)
39: 1 (СИНИЙ)
40: 0 (КРАСНЫЙ)
41: 1 (СИНИЙ)
42: 3 (ЧЕТВЁРТЫЙ)
43: 2 (ЗЕЛЁНЫЙ)
44: 0 (КРАСНЫЙ)
45: 3 (ЧЕТВЁРТЫЙ)
46: 2 (ЗЕЛЁНЫЙ)
47: 3 (ЧЕТВЁРТЫЙ)
48: 1 (СИНИЙ)
49: 1 (СИНИЙ)
50: 3 (ЧЕТВЁРТЫЙ)
51: 1 (СИНИЙ)
52: 0 (КРАСНЫЙ)
53: 3 (ЧЕТВЁРТЫЙ)
54: 2 (ЗЕЛЁНЫЙ)
55: 1 (СИНИЙ)
56: 2 (ЗЕЛЁНЫЙ)
57: 2 (ЗЕЛЁНЫЙ)
58: 1 (СИНИЙ)
59: 0 (КРАСНЫЙ)
60: 3 (ЧЕТВЁРТЫЙ)
61: 1 (СИНИЙ)
62: 2 (ЗЕЛЁНЫЙ)
63: 1 (СИНИЙ)
64: 1 (СИНИЙ)
65: 2 (ЗЕЛЁНЫЙ)
66: 0 (КРАСНЫЙ)
67: 2 (ЗЕЛЁНЫЙ)
68: 2 (ЗЕЛЁНЫЙ)
69: 2 (ЗЕЛЁНЫЙ)
70: 3 (ЧЕТВЁРТЫЙ)
71: 2 (ЗЕЛЁНЫЙ)
72: 1 (СИНИЙ)
73: 0 (КРАСНЫЙ)
74: 1 (СИНИЙ)
75: 3 (ЧЕТВЁРТЫЙ)
76: 1 (СИНИЙ)
77: 3 (ЧЕТВЁРТЫЙ)
78: 3 (ЧЕТВЁРТЫЙ)
79: 2 (ЗЕЛЁНЫЙ)
80: 0 (КРАСНЫЙ)
81: 1 (СИНИЙ)
82: 2 (ЗЕЛЁНЫЙ)
83: 2 (ЗЕЛЁНЫЙ)
84: 3 (ЧЕТВЁРТЫЙ)
85: 1 (СИНИЙ)
86: 0 (КРАСНЫЙ)
87: 2 (ЗЕЛЁНЫЙ)
88: 1 (СИНИЙ)
89: 1 (СИНИЙ)
90: 2 (ЗЕЛЁНЫЙ)
91: 2 (ЗЕЛЁНЫЙ)
92: 1 (СИНИЙ)
93: 0 (КРАСНЫЙ)
94: 1 (СИНИЙ)
95: 3 (ЧЕТВЁРТЫЙ)
96: 2 (ЗЕЛЁНЫЙ)
97: 2 (ЗЕЛЁНЫЙ)
98: 3 (ЧЕТВЁРТЫЙ)
99: 3 (ЧЕТВЁРТЫЙ)

================================================================================
РЕЗУЛЬТАТ ПРОВЕРКИ
================================================================================
Всего рёбер: 294
Проверено рёбер: 294
Конфликты: НЕТ
OK: КОНФЛИКТОВ НЕТ! Раскраска корректна.
