Лог-файл раскраски графа
Граф: graph_100_044
Дата: 2026-09-21 10:18:21
Статус: УСПЕШНО
Время выполнения: 11.78 секунд
================================================================================

Загружен граф: 100 вершин, 294 рёбер
Имя графа: graph_100_044
Файл: graphs100\graph_100_044.json

================================================================================
ГРАФ
================================================================================
Всего вершин: 100
Всего рёбер: 294

Вершины:
0
1
2
3
4
5
6
7
8
9
10
11
12
13
14
15
16
17
18
19
20
21
22
23
24
25
26
27
28
29
30
31
32
33
34
35
36
37
38
39
40
41
42
43
44
45
46
47
48
49
50
51
52
53
54
55
56
57
58
59
60
61
62
63
64
65
66
67
68
69
70
71
72
73
74
75
76
77
78
79
80
81
82
83
84
85
86
87
88
89
90
91
92
93
94
95
96
97
98
99

Рёбра:
0 13
0 24
0 40
0 59
1 9
1 18
1 53
1 63
1 71
1 90
2 12
2 25
2 31
2 68
2 78
2 80
3 25
3 30
3 55
3 60
3 72
3 74
4 45
4 49
4 68
4 80
4 98
5 18
5 61
5 65
5 73
5 93
6 14
6 19
6 54
6 60
6 62
6 95
7 33
7 43
7 46
7 58
7 83
8 17
8 21
8 39
8 76
8 88
9 10
9 14
9 51
9 63
9 64
9 87
9 90
10 14
10 19
10 20
10 40
10 51
11 41
11 45
11 69
11 70
11 86
12 31
12 32
12 43
12 47
12 56
12 75
12 78
13 24
13 28
13 40
13 71
13 90
14 19
14 60
14 64
15 26
15 62
15 95
16 29
16 30
16 50
16 55
16 67
16 84
16 94
16 99
17 23
17 76
17 83
17 88
18 53
18 61
18 65
18 71
18 77
19 20
19 91
19 95
20 40
20 91
21 22
21 35
21 39
21 76
22 35
22 49
22 66
22 76
23 57
23 76
23 83
24 28
24 34
24 59
24 96
25 31
25 37
25 72
25 74
25 80
25 82
25 97
26 29
26 36
26 42
26 54
26 62
26 95
27 28
27 65
27 71
27 73
27 96
28 71
28 96
29 36
29 50
29 54
29 94
30 55
30 67
30 74
31 47
31 74
32 43
32 56
32 58
32 92
33 43
33 46
33 69
33 78
34 59
34 91
34 95
34 96
35 39
35 61
35 66
35 93
36 42
36 44
36 50
36 52
37 38
37 80
37 82
37 85
37 98
38 49
38 66
38 85
38 98
39 88
39 93
40 51
40 59
40 87
40 90
40 91
41 45
41 57
41 70
41 83
42 52
42 95
43 58
43 78
44 48
44 50
44 52
44 81
44 89
44 99
45 49
45 57
45 68
45 86
46 69
46 70
46 83
47 67
47 74
47 75
48 56
48 58
48 81
48 89
48 92
49 57
49 66
49 76
49 98
50 99
51 87
52 58
52 89
52 95
53 63
53 77
53 79
53 82
53 85
54 60
54 62
54 94
55 60
55 94
56 75
56 81
56 92
57 76
57 83
58 83
58 89
58 92
58 95
59 91
60 64
60 72
60 94
61 66
61 77
61 93
62 95
63 64
63 79
64 72
64 79
64 97
65 71
65 73
66 77
66 85
67 74
67 75
67 84
68 78
68 80
68 86
69 70
69 78
69 86
70 83
71 90
72 97
73 88
73 93
73 96
75 81
75 84
77 85
78 86
79 82
79 97
80 98
81 84
81 99
82 85
82 97
83 88
83 95
84 99
87 90
88 93
88 95
88 96
91 95
95 96

================================================================================
РАСКРАСКА ПО ВЕРШИНАМ
================================================================================
0: 1 (СИНИЙ)
1: 2 (ЗЕЛЁНЫЙ)
2: 0 (КРАСНЫЙ)
3: 0 (КРАСНЫЙ)
4: 0 (КРАСНЫЙ)
5: 0 (КРАСНЫЙ)
6: 1 (СИНИЙ)
7: 1 (СИНИЙ)
8: 0 (КРАСНЫЙ)
9: 3 (ЧЕТВЁРТЫЙ)
10: 0 (КРАСНЫЙ)
11: 0 (КРАСНЫЙ)
12: 1 (СИНИЙ)
13: 0 (КРАСНЫЙ)
14: 2 (ЗЕЛЁНЫЙ)
15: 2 (ЗЕЛЁНЫЙ)
16: 0 (КРАСНЫЙ)
17: 1 (СИНИЙ)
18: 1 (СИНИЙ)
19: 3 (ЧЕТВЁРТЫЙ)
20: 2 (ЗЕЛЁНЫЙ)
21: 1 (СИНИЙ)
22: 0 (КРАСНЫЙ)
23: 2 (ЗЕЛЁНЫЙ)
24: 3 (ЧЕТВЁРТЫЙ)
25: 3 (ЧЕТВЁРТЫЙ)
26: 1 (СИНИЙ)
27: 0 (КРАСНЫЙ)
28: 2 (ЗЕЛЁНЫЙ)
29: 3 (ЧЕТВЁРТЫЙ)
30: 3 (ЧЕТВЁРТЫЙ)
31: 2 (ЗЕЛЁНЫЙ)
32: 3 (ЧЕТВЁРТЫЙ)
33: 2 (ЗЕЛЁНЫЙ)
34: 2 (ЗЕЛЁНЫЙ)
35: 2 (ЗЕЛЁНЫЙ)
36: 0 (КРАСНЫЙ)
37: 1 (СИНИЙ)
38: 0 (КРАСНЫЙ)
39: 3 (ЧЕТВЁРТЫЙ)
40: 3 (ЧЕТВЁРТЫЙ)
41: 1 (СИНИЙ)
42: 2 (ЗЕЛЁНЫЙ)
43: 0 (КРАСНЫЙ)
44: 2 (ЗЕЛЁНЫЙ)
45: 3 (ЧЕТВЁРТЫЙ)
46: 0 (КРАСНЫЙ)
47: 0 (КРАСНЫЙ)
48: 3 (ЧЕТВЁРТЫЙ)
49: 2 (ЗЕЛЁНЫЙ)
50: 1 (СИНИЙ)
51: 1 (СИНИЙ)
52: 3 (ЧЕТВЁРТЫЙ)
53: 0 (КРАСНЫЙ)
54: 0 (КРАСНЫЙ)
55: 1 (СИНИЙ)
56: 2 (ЗЕЛЁНЫЙ)
57: 0 (КРАСНЫЙ)
58: 2 (ЗЕЛЁНЫЙ)
59: 0 (КРАСНЫЙ)
60: 3 (ЧЕТВЁРТЫЙ)
61: 3 (ЧЕТВЁРТЫЙ)
62: 3 (ЧЕТВЁРТЫЙ)
63: 1 (СИНИЙ)
64: 0 (КРАСНЫЙ)
65: 2 (ЗЕЛЁНЫЙ)
66: 1 (СИНИЙ)
67: 2 (ЗЕЛЁНЫЙ)
68: 1 (СИНИЙ)
69: 1 (СИНИЙ)
70: 2 (ЗЕЛЁНЫЙ)
71: 3 (ЧЕТВЁРТЫЙ)
72: 2 (ЗЕЛЁНЫЙ)
73: 3 (ЧЕТВЁРТЫЙ)
74: 1 (СИНИЙ)
75: 3 (ЧЕТВЁРТЫЙ)
76: 3 (ЧЕТВЁРТЫЙ)
77: 2 (ЗЕЛЁНЫЙ)
78: 3 (ЧЕТВЁРТЫЙ)
79: 3 (ЧЕТВЁРТЫЙ)
80: 2 (ЗЕЛЁНЫЙ)
81: 0 (КРАСНЫЙ)
82: 2 (ЗЕЛЁНЫЙ)
83: 3 (ЧЕТВЁРТЫЙ)
84: 1 (СИНИЙ)
85: 3 (ЧЕТВЁРТЫЙ)
86: 2 (ЗЕЛЁНЫЙ)
87: 0 (КРАСНЫЙ)
88: 2 (ЗЕЛЁНЫЙ)
89: 0 (КРАСНЫЙ)
90: 1 (СИНИЙ)
91: 1 (СИНИЙ)
92: 0 (КРАСНЫЙ)
93: 1 (СИНИЙ)
94: 2 (ЗЕЛЁНЫЙ)
95: 0 (КРАСНЫЙ)
96: 1 (СИНИЙ)
97: 1 (СИНИЙ)
98: 3 (ЧЕТВЁРТЫЙ)
99: 3 (ЧЕТВЁРТЫЙ)

================================================================================
РЕЗУЛЬТАТ ПРОВЕРКИ
================================================================================
Всего рёбер: 294
Проверено рёбер: 294
Конфликты: НЕТ
OK: КОНФЛИКТОВ НЕТ! Раскраска корректна.
