Лог-файл раскраски графа
Граф: graph_100_027
Дата: 2026-09-21 10:12:18
Статус: УСПЕШНО
Время выполнения: 12.69 секунд
================================================================================

Загружен граф: 100 вершин, 294 рёбер
Имя графа: graph_100_027
Файл: graphs100\graph_100_027.json

================================================================================
ГРАФ
================================================================================
Всего вершин: 100
Всего рёбер: 294

Вершины:
0
1
2
3
4
5
6
7
8
9
10
11
12
13
14
15
16
17
18
19
20
21
22
23
24
25
26
27
28
29
30
31
32
33
34
35
36
37
38
39
40
41
42
43
44
45
46
47
48
49
50
51
52
53
54
55
56
57
58
59
60
61
62
63
64
65
66
67
68
69
70
71
72
73
74
75
76
77
78
79
80
81
82
83
84
85
86
87
88
89
90
91
92
93
94
95
96
97
98
99

Рёбра:
0 2
0 8
0 26
0 68
0 95
1 6
1 24
1 36
1 65
2 8
2 40
2 41
2 46
2 68
3 29
3 31
3 33
3 70
3 78
4 48
4 49
4 52
4 57
4 64
4 81
4 94
5 16
5 52
5 69
5 71
5 97
6 24
6 65
6 82
6 85
7 10
7 39
7 43
7 60
8 15
8 18
8 25
8 41
8 95
9 10
9 39
9 61
9 66
9 92
9 99
10 38
10 39
10 43
10 61
10 76
11 35
11 47
11 70
11 78
11 93
12 13
12 46
12 59
12 84
13 15
13 25
13 43
13 44
13 59
13 84
14 18
14 37
14 54
14 60
14 72
14 80
14 88
14 90
15 25
15 41
15 59
16 22
16 69
16 71
16 82
17 23
17 48
17 81
18 25
18 30
18 54
18 88
18 95
19 21
19 61
19 66
19 67
19 76
19 86
19 99
20 29
20 34
20 56
20 83
20 89
20 96
21 62
21 76
21 92
21 93
21 99
22 69
22 82
22 85
23 28
23 48
23 50
23 77
23 78
23 80
23 81
24 36
24 45
24 74
24 82
25 44
25 54
25 72
26 36
26 68
26 74
26 91
26 95
27 48
27 50
27 51
27 83
28 55
28 63
28 77
28 80
28 90
29 31
29 33
29 34
29 75
29 96
30 32
30 57
30 64
30 88
30 95
31 35
31 70
31 75
32 57
32 79
32 91
32 95
33 34
33 58
33 78
34 50
34 58
34 83
35 70
35 75
35 93
36 65
36 74
36 91
37 80
37 81
37 88
38 43
38 46
38 76
38 84
39 42
39 53
39 60
39 62
39 92
40 46
40 68
40 74
41 46
41 59
42 53
42 55
42 60
42 90
42 98
43 44
43 60
43 84
44 60
44 72
45 74
45 82
46 59
46 74
46 76
46 82
46 84
47 77
47 78
47 93
48 50
48 81
48 83
48 89
48 94
49 52
49 57
49 65
49 79
50 51
50 58
50 78
50 83
51 83
52 65
52 69
52 94
52 96
52 97
53 62
53 87
53 93
53 98
54 72
55 63
55 73
55 87
55 90
55 98
56 89
56 94
56 96
57 64
57 79
58 78
60 72
60 90
61 66
61 76
61 86
62 92
62 93
63 73
63 77
64 81
64 88
65 69
65 79
65 85
65 91
66 67
66 86
66 99
67 99
68 74
69 85
70 78
71 82
71 96
71 97
73 77
73 87
73 93
74 82
75 93
75 96
76 82
76 93
76 96
77 78
77 93
79 91
80 81
80 90
81 88
82 85
82 96
83 89
87 93
87 98
89 94
91 95
92 99
93 96
94 96
96 97

================================================================================
РАСКРАСКА ПО ВЕРШИНАМ
================================================================================
0: 0 (КРАСНЫЙ)
1: 1 (СИНИЙ)
2: 2 (ЗЕЛЁНЫЙ)
3: 0 (КРАСНЫЙ)
4: 0 (КРАСНЫЙ)
5: 2 (ЗЕЛЁНЫЙ)
6: 0 (КРАСНЫЙ)
7: 2 (ЗЕЛЁНЫЙ)
8: 3 (ЧЕТВЁРТЫЙ)
9: 2 (ЗЕЛЁНЫЙ)
10: 0 (КРАСНЫЙ)
11: 2 (ЗЕЛЁНЫЙ)
12: 2 (ЗЕЛЁНЫЙ)
13: 1 (СИНИЙ)
14: 0 (КРАСНЫЙ)
15: 2 (ЗЕЛЁНЫЙ)
16: 0 (КРАСНЫЙ)
17: 1 (СИНИЙ)
18: 1 (СИНИЙ)
19: 1 (СИНИЙ)
20: 1 (СИНИЙ)
21: 0 (КРАСНЫЙ)
22: 2 (ЗЕЛЁНЫЙ)
23: 0 (КРАСНЫЙ)
24: 3 (ЧЕТВЁРТЫЙ)
25: 0 (КРАСНЫЙ)
26: 1 (СИНИЙ)
27: 0 (КРАСНЫЙ)
28: 1 (СИНИЙ)
29: 3 (ЧЕТВЁРТЫЙ)
30: 0 (КРАСНЫЙ)
31: 2 (ЗЕЛЁНЫЙ)
32: 1 (СИНИЙ)
33: 1 (СИНИЙ)
34: 0 (КРАСНЫЙ)
35: 0 (КРАСНЫЙ)
36: 0 (КРАСНЫЙ)
37: 1 (СИНИЙ)
38: 1 (СИНИЙ)
39: 3 (ЧЕТВЁРТЫЙ)
40: 0 (КРАСНЫЙ)
41: 1 (СИНИЙ)
42: 0 (КРАСНЫЙ)
43: 3 (ЧЕТВЁРТЫЙ)
44: 2 (ЗЕЛЁНЫЙ)
45: 0 (КРАСНЫЙ)
46: 3 (ЧЕТВЁРТЫЙ)
47: 0 (КРАСНЫЙ)
48: 3 (ЧЕТВЁРТЫЙ)
49: 1 (СИНИЙ)
50: 1 (СИНИЙ)
51: 3 (ЧЕТВЁРТЫЙ)
52: 3 (ЧЕТВЁРТЫЙ)
53: 1 (СИНИЙ)
54: 2 (ЗЕЛЁНЫЙ)
55: 3 (ЧЕТВЁРТЫЙ)
56: 3 (ЧЕТВЁРТЫЙ)
57: 3 (ЧЕТВЁРТЫЙ)
58: 2 (ЗЕЛЁНЫЙ)
59: 0 (КРАСНЫЙ)
60: 1 (СИНИЙ)
61: 3 (ЧЕТВЁРТЫЙ)
62: 2 (ЗЕЛЁНЫЙ)
63: 0 (КРАСНЫЙ)
64: 1 (СИНИЙ)
65: 2 (ЗЕЛЁНЫЙ)
66: 0 (КРАСНЫЙ)
67: 2 (ЗЕЛЁНЫЙ)
68: 3 (ЧЕТВЁРТЫЙ)
69: 1 (СИНИЙ)
70: 1 (СИНИЙ)
71: 3 (ЧЕТВЁРТЫЙ)
72: 3 (ЧЕТВЁРТЫЙ)
73: 1 (СИНИЙ)
74: 2 (ЗЕЛЁНЫЙ)
75: 1 (СИНИЙ)
76: 2 (ЗЕЛЁНЫЙ)
77: 2 (ЗЕЛЁНЫЙ)
78: 3 (ЧЕТВЁРТЫЙ)
79: 0 (КРАСНЫЙ)
80: 3 (ЧЕТВЁРТЫЙ)
81: 2 (ЗЕЛЁНЫЙ)
82: 1 (СИНИЙ)
83: 2 (ЗЕЛЁНЫЙ)
84: 0 (КРАСНЫЙ)
85: 3 (ЧЕТВЁРТЫЙ)
86: 2 (ЗЕЛЁНЫЙ)
87: 0 (КРАСНЫЙ)
88: 3 (ЧЕТВЁРТЫЙ)
89: 0 (КРАСНЫЙ)
90: 2 (ЗЕЛЁНЫЙ)
91: 3 (ЧЕТВЁРТЫЙ)
92: 1 (СИНИЙ)
93: 3 (ЧЕТВЁРТЫЙ)
94: 1 (СИНИЙ)
95: 2 (ЗЕЛЁНЫЙ)
96: 0 (КРАСНЫЙ)
97: 1 (СИНИЙ)
98: 2 (ЗЕЛЁНЫЙ)
99: 3 (ЧЕТВЁРТЫЙ)

================================================================================
РЕЗУЛЬТАТ ПРОВЕРКИ
================================================================================
Всего рёбер: 294
Проверено рёбер: 294
Конфликты: НЕТ
OK: КОНФЛИКТОВ НЕТ! Раскраска корректна.
