Лог-файл раскраски графа
Граф: graph_100_057
Дата: 2026-09-21 10:22:52
Статус: УСПЕШНО
Время выполнения: 17.98 секунд
================================================================================

Загружен граф: 100 вершин, 294 рёбер
Имя графа: graph_100_057
Файл: graphs100\graph_100_057.json

================================================================================
ГРАФ
================================================================================
Всего вершин: 100
Всего рёбер: 294

Вершины:
0
1
2
3
4
5
6
7
8
9
10
11
12
13
14
15
16
17
18
19
20
21
22
23
24
25
26
27
28
29
30
31
32
33
34
35
36
37
38
39
40
41
42
43
44
45
46
47
48
49
50
51
52
53
54
55
56
57
58
59
60
61
62
63
64
65
66
67
68
69
70
71
72
73
74
75
76
77
78
79
80
81
82
83
84
85
86
87
88
89
90
91
92
93
94
95
96
97
98
99

Рёбра:
0 14
0 15
0 42
0 85
1 23
1 27
1 39
1 52
1 65
1 71
1 96
2 4
2 6
2 17
2 36
2 51
2 59
2 70
2 98
3 32
3 55
3 77
3 88
4 38
4 59
4 75
4 97
4 98
5 13
5 19
5 73
5 74
5 90
6 17
6 30
6 34
6 56
6 70
7 22
7 27
7 31
7 46
7 56
7 96
8 12
8 23
8 52
8 62
8 63
8 67
9 10
9 11
9 40
9 82
9 93
9 95
10 50
10 61
10 82
10 93
11 33
11 40
11 81
11 82
11 95
12 16
12 52
12 62
12 86
13 37
13 73
13 74
13 87
14 15
14 16
14 42
14 61
14 87
14 92
15 31
15 46
15 85
15 87
16 61
16 62
16 86
16 91
16 92
17 34
17 36
17 60
18 24
18 32
18 47
18 88
19 73
19 90
19 94
20 24
20 29
20 48
20 58
20 88
21 29
21 45
21 48
21 78
21 83
22 26
22 30
22 31
22 56
22 69
23 38
23 52
23 57
23 67
23 71
23 75
24 25
24 29
24 36
24 47
24 88
25 29
25 36
25 51
25 83
26 30
26 37
26 69
26 72
27 56
27 65
27 96
27 99
28 74
28 76
28 90
29 48
29 83
30 34
30 54
30 56
30 64
30 72
31 46
31 69
31 87
32 44
32 47
32 55
32 88
33 55
33 58
33 77
33 81
33 82
34 54
34 60
35 43
35 66
35 68
35 80
35 84
35 97
36 47
36 51
36 60
37 69
37 72
37 73
37 87
38 41
38 57
38 75
38 97
39 65
39 70
39 71
39 98
39 99
40 43
40 45
40 53
40 81
40 93
41 57
41 68
41 79
41 97
42 46
42 85
42 89
42 92
43 45
43 53
43 68
43 78
43 84
44 47
44 49
44 55
44 74
44 76
45 48
45 78
45 81
46 85
46 89
46 96
47 49
47 60
48 58
48 81
49 54
49 60
49 64
49 76
50 53
50 61
50 79
50 93
51 59
51 83
52 86
52 89
52 96
53 68
53 79
53 93
54 60
54 64
55 74
55 77
55 82
56 70
56 99
57 67
57 79
57 91
58 77
58 81
58 88
59 66
59 83
59 97
61 79
61 82
61 87
61 91
62 63
62 91
63 67
63 91
64 72
64 76
65 99
66 80
66 83
66 97
67 91
68 79
68 97
69 87
70 98
70 99
71 75
71 98
72 73
72 76
72 90
72 94
73 94
74 76
74 82
74 87
74 90
75 98
76 90
77 88
78 80
78 83
78 84
79 91
80 83
80 84
82 87
82 95
86 89
86 92
89 92
89 96
90 94

================================================================================
РАСКРАСКА ПО ВЕРШИНАМ
================================================================================
0: 0 (КРАСНЫЙ)
1: 3 (ЧЕТВЁРТЫЙ)
2: 0 (КРАСНЫЙ)
3: 2 (ЗЕЛЁНЫЙ)
4: 1 (СИНИЙ)
5: 1 (СИНИЙ)
6: 3 (ЧЕТВЁРТЫЙ)
7: 3 (ЧЕТВЁРТЫЙ)
8: 0 (КРАСНЫЙ)
9: 0 (КРАСНЫЙ)
10: 3 (ЧЕТВЁРТЫЙ)
11: 1 (СИНИЙ)
12: 3 (ЧЕТВЁРТЫЙ)
13: 2 (ЗЕЛЁНЫЙ)
14: 3 (ЧЕТВЁРТЫЙ)
15: 2 (ЗЕЛЁНЫЙ)
16: 2 (ЗЕЛЁНЫЙ)
17: 1 (СИНИЙ)
18: 0 (КРАСНЫЙ)
19: 3 (ЧЕТВЁРТЫЙ)
20: 0 (КРАСНЫЙ)
21: 0 (КРАСНЫЙ)
22: 0 (КРАСНЫЙ)
23: 1 (СИНИЙ)
24: 2 (ЗЕЛЁНЫЙ)
25: 0 (КРАСНЫЙ)
26: 2 (ЗЕЛЁНЫЙ)
27: 0 (КРАСНЫЙ)
28: 2 (ЗЕЛЁНЫЙ)
29: 3 (ЧЕТВЁРТЫЙ)
30: 1 (СИНИЙ)
31: 1 (СИНИЙ)
32: 3 (ЧЕТВЁРТЫЙ)
33: 3 (ЧЕТВЁРТЫЙ)
34: 0 (КРАСНЫЙ)
35: 3 (ЧЕТВЁРТЫЙ)
36: 3 (ЧЕТВЁРТЫЙ)
37: 1 (СИНИЙ)
38: 3 (ЧЕТВЁРТЫЙ)
39: 0 (КРАСНЫЙ)
40: 3 (ЧЕТВЁРТЫЙ)
41: 0 (КРАСНЫЙ)
42: 2 (ЗЕЛЁНЫЙ)
43: 0 (КРАСНЫЙ)
44: 2 (ЗЕЛЁНЫЙ)
45: 2 (ЗЕЛЁНЫЙ)
46: 0 (КРАСНЫЙ)
47: 1 (СИНИЙ)
48: 1 (СИНИЙ)
49: 0 (КРАСНЫЙ)
50: 0 (КРАСНЫЙ)
51: 1 (СИНИЙ)
52: 2 (ЗЕЛЁНЫЙ)
53: 2 (ЗЕЛЁНЫЙ)
54: 3 (ЧЕТВЁРТЫЙ)
55: 1 (СИНИЙ)
56: 2 (ЗЕЛЁНЫЙ)
57: 2 (ЗЕЛЁНЫЙ)
58: 2 (ЗЕЛЁНЫЙ)
59: 3 (ЧЕТВЁРТЫЙ)
60: 2 (ЗЕЛЁНЫЙ)
61: 1 (СИНИЙ)
62: 1 (СИНИЙ)
63: 2 (ЗЕЛЁНЫЙ)
64: 2 (ЗЕЛЁНЫЙ)
65: 1 (СИНИЙ)
66: 0 (КРАСНЫЙ)
67: 3 (ЧЕТВЁРТЫЙ)
68: 1 (СИНИЙ)
69: 3 (ЧЕТВЁРТЫЙ)
70: 1 (СИНИЙ)
71: 2 (ЗЕЛЁНЫЙ)
72: 3 (ЧЕТВЁРТЫЙ)
73: 0 (КРАСНЫЙ)
74: 3 (ЧЕТВЁРТЫЙ)
75: 0 (КРАСНЫЙ)
76: 1 (СИНИЙ)
77: 0 (КРАСНЫЙ)
78: 3 (ЧЕТВЁРТЫЙ)
79: 3 (ЧЕТВЁРТЫЙ)
80: 1 (СИНИЙ)
81: 0 (КРАСНЫЙ)
82: 2 (ЗЕЛЁНЫЙ)
83: 2 (ЗЕЛЁНЫЙ)
84: 2 (ЗЕЛЁНЫЙ)
85: 3 (ЧЕТВЁРТЫЙ)
86: 0 (КРАСНЫЙ)
87: 0 (КРАСНЫЙ)
88: 1 (СИНИЙ)
89: 3 (ЧЕТВЁРТЫЙ)
90: 0 (КРАСНЫЙ)
91: 0 (КРАСНЫЙ)
92: 1 (СИНИЙ)
93: 1 (СИНИЙ)
94: 1 (СИНИЙ)
95: 3 (ЧЕТВЁРТЫЙ)
96: 1 (СИНИЙ)
97: 2 (ЗЕЛЁНЫЙ)
98: 3 (ЧЕТВЁРТЫЙ)
99: 3 (ЧЕТВЁРТЫЙ)

================================================================================
РЕЗУЛЬТАТ ПРОВЕРКИ
================================================================================
Всего рёбер: 294
Проверено рёбер: 294
Конфликты: НЕТ
OK: КОНФЛИКТОВ НЕТ! Раскраска корректна.
