Лог-файл раскраски графа
Граф: graph_100_083
Дата: 2026-09-21 10:32:14
Статус: УСПЕШНО
Время выполнения: 13.42 секунд
================================================================================

Загружен граф: 100 вершин, 294 рёбер
Имя графа: graph_100_083
Файл: graphs100\graph_100_083.json

================================================================================
ГРАФ
================================================================================
Всего вершин: 100
Всего рёбер: 294

Вершины:
0
1
2
3
4
5
6
7
8
9
10
11
12
13
14
15
16
17
18
19
20
21
22
23
24
25
26
27
28
29
30
31
32
33
34
35
36
37
38
39
40
41
42
43
44
45
46
47
48
49
50
51
52
53
54
55
56
57
58
59
60
61
62
63
64
65
66
67
68
69
70
71
72
73
74
75
76
77
78
79
80
81
82
83
84
85
86
87
88
89
90
91
92
93
94
95
96
97
98
99

Рёбра:
0 11
0 72
0 93
0 94
1 23
1 45
1 52
1 64
1 83
1 87
2 14
2 25
2 46
2 57
2 82
3 6
3 8
3 23
3 51
3 53
3 55
3 77
3 93
4 15
4 29
4 81
4 90
4 91
5 26
5 42
5 54
5 69
5 86
6 8
6 51
6 68
6 75
7 26
7 34
7 40
7 49
7 54
7 69
8 23
8 47
8 75
9 17
9 43
9 62
9 68
9 75
9 99
10 33
10 39
10 66
10 67
10 79
10 85
11 19
11 72
11 94
11 99
12 27
12 44
12 63
12 72
12 90
12 93
13 24
13 49
13 56
13 58
13 82
14 57
14 58
14 71
14 82
14 97
15 34
15 50
15 63
15 76
15 81
15 90
15 97
16 18
16 32
16 46
16 56
16 61
16 92
17 21
17 43
17 62
18 46
18 60
18 61
18 89
18 92
19 35
19 44
19 72
19 73
19 99
20 45
20 71
20 74
20 87
20 96
21 43
21 62
21 65
21 70
21 80
22 70
22 80
22 83
22 88
23 45
23 47
23 64
23 77
24 34
24 49
24 58
25 46
25 57
25 89
26 54
26 69
27 28
27 63
27 93
28 50
28 53
28 55
28 63
28 93
28 96
29 39
29 44
29 79
29 90
29 91
30 31
30 52
30 60
30 80
30 98
31 38
31 52
31 71
31 74
31 84
31 95
31 98
32 48
32 56
32 78
32 86
32 92
33 36
33 39
33 42
33 59
33 73
33 85
33 86
34 40
34 49
34 58
34 76
34 97
35 36
35 73
35 99
36 43
36 73
36 86
36 99
37 38
37 57
37 89
37 98
38 57
38 84
38 98
39 44
39 73
39 79
40 42
40 54
40 59
40 76
41 47
41 64
41 65
41 70
41 88
42 54
42 59
42 86
43 80
43 86
43 92
43 99
44 72
44 73
44 90
45 55
45 77
45 87
45 96
46 56
46 61
46 82
46 89
47 62
47 64
47 65
47 75
48 49
48 56
48 86
49 56
49 69
49 86
50 63
50 96
50 97
51 68
51 93
51 94
51 99
52 74
52 80
52 83
52 87
53 55
53 93
55 77
55 96
56 82
57 71
57 84
57 89
57 95
58 82
58 97
59 76
59 85
60 80
60 89
60 92
60 98
62 65
62 75
63 90
64 83
64 88
65 70
66 67
66 76
66 81
66 85
67 79
67 81
67 91
68 75
68 99
69 86
70 80
70 88
71 74
71 95
71 96
71 97
72 93
74 87
76 81
76 85
78 86
78 92
79 91
80 83
80 92
81 91
83 88
84 95
86 92
89 98
93 94
94 99
96 97

================================================================================
РАСКРАСКА ПО ВЕРШИНАМ
================================================================================
0: 1 (СИНИЙ)
1: 0 (КРАСНЫЙ)
2: 1 (СИНИЙ)
3: 3 (ЧЕТВЁРТЫЙ)
4: 0 (КРАСНЫЙ)
5: 2 (ЗЕЛЁНЫЙ)
6: 0 (КРАСНЫЙ)
7: 3 (ЧЕТВЁРТЫЙ)
8: 1 (СИНИЙ)
9: 0 (КРАСНЫЙ)
10: 3 (ЧЕТВЁРТЫЙ)
11: 0 (КРАСНЫЙ)
12: 2 (ЗЕЛЁНЫЙ)
13: 1 (СИНИЙ)
14: 0 (КРАСНЫЙ)
15: 3 (ЧЕТВЁРТЫЙ)
16: 1 (СИНИЙ)
17: 3 (ЧЕТВЁРТЫЙ)
18: 3 (ЧЕТВЁРТЫЙ)
19: 1 (СИНИЙ)
20: 2 (ЗЕЛЁНЫЙ)
21: 0 (КРАСНЫЙ)
22: 2 (ЗЕЛЁНЫЙ)
23: 2 (ЗЕЛЁНЫЙ)
24: 0 (КРАСНЫЙ)
25: 2 (ЗЕЛЁНЫЙ)
26: 1 (СИНИЙ)
27: 1 (СИНИЙ)
28: 3 (ЧЕТВЁРТЫЙ)
29: 3 (ЧЕТВЁРТЫЙ)
30: 1 (СИНИЙ)
31: 0 (КРАСНЫЙ)
32: 0 (КРАСНЫЙ)
33: 0 (КРАСНЫЙ)
34: 1 (СИНИЙ)
35: 0 (КРАСНЫЙ)
36: 2 (ЗЕЛЁНЫЙ)
37: 0 (КРАСНЫЙ)
38: 2 (ЗЕЛЁНЫЙ)
39: 1 (СИНИЙ)
40: 2 (ЗЕЛЁНЫЙ)
41: 2 (ЗЕЛЁНЫЙ)
42: 1 (СИНИЙ)
43: 1 (СИНИЙ)
44: 0 (КРАСНЫЙ)
45: 3 (ЧЕТВЁРТЫЙ)
46: 0 (КРАСНЫЙ)
47: 0 (КРАСНЫЙ)
48: 1 (СИНИЙ)
49: 2 (ЗЕЛЁНЫЙ)
50: 1 (СИНИЙ)
51: 1 (СИНИЙ)
52: 2 (ЗЕЛЁНЫЙ)
53: 1 (СИНИЙ)
54: 0 (КРАСНЫЙ)
55: 2 (ЗЕЛЁНЫЙ)
56: 3 (ЧЕТВЁРТЫЙ)
57: 3 (ЧЕТВЁРТЫЙ)
58: 3 (ЧЕТВЁРТЫЙ)
59: 3 (ЧЕТВЁРТЫЙ)
60: 0 (КРАСНЫЙ)
61: 2 (ЗЕЛЁНЫЙ)
62: 1 (СИНИЙ)
63: 0 (КРАСНЫЙ)
64: 3 (ЧЕТВЁРТЫЙ)
65: 3 (ЧЕТВЁРТЫЙ)
66: 1 (СИНИЙ)
67: 0 (КРАСНЫЙ)
68: 2 (ЗЕЛЁНЫЙ)
69: 0 (КРАСНЫЙ)
70: 1 (СИНИЙ)
71: 1 (СИНИЙ)
72: 3 (ЧЕТВЁРТЫЙ)
73: 3 (ЧЕТВЁРТЫЙ)
74: 3 (ЧЕТВЁРТЫЙ)
75: 3 (ЧЕТВЁРТЫЙ)
76: 0 (КРАСНЫЙ)
77: 0 (КРАСНЫЙ)
78: 1 (СИНИЙ)
79: 2 (ЗЕЛЁНЫЙ)
80: 3 (ЧЕТВЁРТЫЙ)
81: 2 (ЗЕЛЁНЫЙ)
82: 2 (ЗЕЛЁНЫЙ)
83: 1 (СИНИЙ)
84: 1 (СИНИЙ)
85: 2 (ЗЕЛЁНЫЙ)
86: 3 (ЧЕТВЁРТЫЙ)
87: 1 (СИНИЙ)
88: 0 (КРАСНЫЙ)
89: 1 (СИНИЙ)
90: 1 (СИНИЙ)
91: 1 (СИНИЙ)
92: 2 (ЗЕЛЁНЫЙ)
93: 0 (КРАСНЫЙ)
94: 2 (ЗЕЛЁНЫЙ)
95: 2 (ЗЕЛЁНЫЙ)
96: 0 (КРАСНЫЙ)
97: 2 (ЗЕЛЁНЫЙ)
98: 3 (ЧЕТВЁРТЫЙ)
99: 3 (ЧЕТВЁРТЫЙ)

================================================================================
РЕЗУЛЬТАТ ПРОВЕРКИ
================================================================================
Всего рёбер: 294
Проверено рёбер: 294
Конфликты: НЕТ
OK: КОНФЛИКТОВ НЕТ! Раскраска корректна.
