Лог-файл раскраски графа
Граф: graph_100_055
Дата: 2026-09-21 10:22:23
Статус: УСПЕШНО
Время выполнения: 12.48 секунд
================================================================================

Загружен граф: 100 вершин, 294 рёбер
Имя графа: graph_100_055
Файл: graphs100\graph_100_055.json

================================================================================
ГРАФ
================================================================================
Всего вершин: 100
Всего рёбер: 294

Вершины:
0
1
2
3
4
5
6
7
8
9
10
11
12
13
14
15
16
17
18
19
20
21
22
23
24
25
26
27
28
29
30
31
32
33
34
35
36
37
38
39
40
41
42
43
44
45
46
47
48
49
50
51
52
53
54
55
56
57
58
59
60
61
62
63
64
65
66
67
68
69
70
71
72
73
74
75
76
77
78
79
80
81
82
83
84
85
86
87
88
89
90
91
92
93
94
95
96
97
98
99

Рёбра:
0 52
0 57
0 85
1 2
1 17
1 26
1 61
1 66
1 69
1 82
1 94
2 25
2 61
2 94
3 8
3 38
3 74
3 76
4 5
4 29
4 43
4 63
4 65
5 6
5 11
5 63
5 65
6 11
6 64
6 65
6 71
6 72
6 89
6 95
7 15
7 21
7 28
7 36
7 62
7 67
8 18
8 55
8 74
8 76
8 86
8 97
9 19
9 37
9 47
9 48
9 59
9 84
10 12
10 37
10 46
10 59
10 78
10 80
11 52
11 57
11 63
11 89
12 42
12 56
12 78
12 80
12 81
13 18
13 20
13 39
13 44
13 68
13 86
14 21
14 23
14 34
14 75
14 97
15 28
15 62
15 87
16 60
16 74
16 77
16 82
17 26
17 32
17 66
17 88
18 44
18 76
18 86
18 92
19 47
19 57
19 84
19 85
20 30
20 39
20 68
20 83
21 23
21 62
21 67
21 97
22 32
22 35
22 49
22 70
22 71
22 79
22 98
23 30
23 62
23 75
23 83
24 28
24 42
24 45
24 48
24 51
24 62
24 87
25 44
25 58
25 61
25 68
25 94
25 96
26 32
26 53
26 56
26 61
27 32
27 49
27 79
27 88
27 93
28 36
28 45
28 87
29 43
29 63
29 84
30 34
30 39
30 75
30 83
30 86
31 66
31 77
31 82
31 88
31 93
32 49
32 53
32 71
32 88
33 41
33 77
33 79
33 89
33 93
34 55
34 75
34 86
34 97
35 70
35 89
35 95
35 98
36 45
36 67
36 90
37 48
37 51
37 59
37 80
38 74
38 76
38 91
38 92
38 96
38 99
39 86
40 46
40 50
40 72
40 78
41 77
41 89
42 51
42 54
42 62
42 68
42 80
42 81
42 83
43 46
43 59
43 65
43 72
43 84
44 58
44 68
44 92
45 47
45 48
45 57
45 67
45 90
46 59
46 72
46 78
47 48
47 57
48 51
49 79
50 53
50 72
50 78
51 80
52 57
52 63
52 85
53 56
53 71
53 72
53 78
54 61
54 68
54 81
55 86
55 97
56 61
56 78
56 81
57 67
57 74
57 85
57 89
57 97
58 92
58 96
59 84
60 69
60 73
60 74
60 82
61 68
61 81
62 83
62 87
63 84
63 85
64 65
64 72
65 72
66 82
66 88
67 90
67 97
68 83
69 73
69 82
69 94
70 79
70 89
71 72
71 95
71 98
73 74
73 91
73 94
74 77
74 89
74 91
74 97
76 92
77 82
77 89
77 93
79 89
79 93
84 85
88 93
89 95
91 94
91 99
92 96
94 96
94 99
95 98
96 99

================================================================================
РАСКРАСКА ПО ВЕРШИНАМ
================================================================================
0: 1 (СИНИЙ)
1: 0 (КРАСНЫЙ)
2: 2 (ЗЕЛЁНЫЙ)
3: 2 (ЗЕЛЁНЫЙ)
4: 3 (ЧЕТВЁРТЫЙ)
5: 0 (КРАСНЫЙ)
6: 1 (СИНИЙ)
7: 0 (КРАСНЫЙ)
8: 1 (СИНИЙ)
9: 0 (КРАСНЫЙ)
10: 0 (КРАСНЫЙ)
11: 3 (ЧЕТВЁРТЫЙ)
12: 3 (ЧЕТВЁРТЫЙ)
13: 3 (ЧЕТВЁРТЫЙ)
14: 3 (ЧЕТВЁРТЫЙ)
15: 1 (СИНИЙ)
16: 0 (КРАСНЫЙ)
17: 2 (ЗЕЛЁНЫЙ)
18: 0 (КРАСНЫЙ)
19: 1 (СИНИЙ)
20: 1 (СИНИЙ)
21: 1 (СИНИЙ)
22: 0 (КРАСНЫЙ)
23: 0 (КРАСНЫЙ)
24: 0 (КРАСНЫЙ)
25: 3 (ЧЕТВЁРТЫЙ)
26: 3 (ЧЕТВЁРТЫЙ)
27: 0 (КРАСНЫЙ)
28: 3 (ЧЕТВЁРТЫЙ)
29: 0 (КРАСНЫЙ)
30: 3 (ЧЕТВЁРТЫЙ)
31: 0 (КРАСНЫЙ)
32: 1 (СИНИЙ)
33: 0 (КРАСНЫЙ)
34: 0 (КРАСНЫЙ)
35: 3 (ЧЕТВЁРТЫЙ)
36: 2 (ЗЕЛЁНЫЙ)
37: 1 (СИНИЙ)
38: 0 (КРАСНЫЙ)
39: 0 (КРАСНЫЙ)
40: 0 (КРАСНЫЙ)
41: 3 (ЧЕТВЁРТЫЙ)
42: 1 (СИНИЙ)
43: 1 (СИНИЙ)
44: 2 (ЗЕЛЁНЫЙ)
45: 1 (СИНИЙ)
46: 2 (ЗЕЛЁНЫЙ)
47: 3 (ЧЕТВЁРТЫЙ)
48: 2 (ЗЕЛЁНЫЙ)
49: 2 (ЗЕЛЁНЫЙ)
50: 2 (ЗЕЛЁНЫЙ)
51: 3 (ЧЕТВЁРТЫЙ)
52: 2 (ЗЕЛЁНЫЙ)
53: 0 (КРАСНЫЙ)
54: 3 (ЧЕТВЁРТЫЙ)
55: 3 (ЧЕТВЁРТЫЙ)
56: 2 (ЗЕЛЁНЫЙ)
57: 0 (КРАСНЫЙ)
58: 0 (КРАСНЫЙ)
59: 3 (ЧЕТВЁРТЫЙ)
60: 1 (СИНИЙ)
61: 1 (СИНИЙ)
62: 3 (ЧЕТВЁРТЫЙ)
63: 1 (СИНИЙ)
64: 0 (КРАСНЫЙ)
65: 2 (ЗЕЛЁНЫЙ)
66: 1 (СИНИЙ)
67: 3 (ЧЕТВЁРТЫЙ)
68: 0 (КРАСНЫЙ)
69: 2 (ЗЕЛЁНЫЙ)
70: 1 (СИНИЙ)
71: 2 (ЗЕЛЁНЫЙ)
72: 3 (ЧЕТВЁРТЫЙ)
73: 0 (КРАСНЫЙ)
74: 3 (ЧЕТВЁРТЫЙ)
75: 1 (СИНИЙ)
76: 3 (ЧЕТВЁРТЫЙ)
77: 1 (СИНИЙ)
78: 1 (СИНИЙ)
79: 3 (ЧЕТВЁРТЫЙ)
80: 2 (ЗЕЛЁНЫЙ)
81: 0 (КРАСНЫЙ)
82: 3 (ЧЕТВЁРТЫЙ)
83: 2 (ЗЕЛЁНЫЙ)
84: 2 (ЗЕЛЁНЫЙ)
85: 3 (ЧЕТВЁРТЫЙ)
86: 2 (ЗЕЛЁНЫЙ)
87: 2 (ЗЕЛЁНЫЙ)
88: 3 (ЧЕТВЁРТЫЙ)
89: 2 (ЗЕЛЁНЫЙ)
90: 0 (КРАСНЫЙ)
91: 2 (ЗЕЛЁНЫЙ)
92: 1 (СИНИЙ)
93: 2 (ЗЕЛЁНЫЙ)
94: 1 (СИНИЙ)
95: 0 (КРАСНЫЙ)
96: 2 (ЗЕЛЁНЫЙ)
97: 2 (ЗЕЛЁНЫЙ)
98: 1 (СИНИЙ)
99: 3 (ЧЕТВЁРТЫЙ)

================================================================================
РЕЗУЛЬТАТ ПРОВЕРКИ
================================================================================
Всего рёбер: 294
Проверено рёбер: 294
Конфликты: НЕТ
OK: КОНФЛИКТОВ НЕТ! Раскраска корректна.
