Лог-файл раскраски графа
Граф: graph_100_052
Дата: 2026-09-21 10:21:41
Статус: УСПЕШНО
Время выполнения: 21.82 секунд
================================================================================

Загружен граф: 100 вершин, 294 рёбер
Имя графа: graph_100_052
Файл: graphs100\graph_100_052.json

================================================================================
ГРАФ
================================================================================
Всего вершин: 100
Всего рёбер: 294

Вершины:
0
1
2
3
4
5
6
7
8
9
10
11
12
13
14
15
16
17
18
19
20
21
22
23
24
25
26
27
28
29
30
31
32
33
34
35
36
37
38
39
40
41
42
43
44
45
46
47
48
49
50
51
52
53
54
55
56
57
58
59
60
61
62
63
64
65
66
67
68
69
70
71
72
73
74
75
76
77
78
79
80
81
82
83
84
85
86
87
88
89
90
91
92
93
94
95
96
97
98
99

Рёбра:
0 19
0 33
0 43
0 75
0 91
0 92
0 98
1 2
1 27
1 34
1 39
1 44
1 45
1 61
1 81
2 17
2 54
2 61
2 81
2 86
3 46
3 56
3 70
3 88
3 94
4 41
4 77
4 82
4 83
5 21
5 31
5 42
5 50
5 63
5 72
6 7
6 14
6 28
6 76
7 14
7 28
7 41
7 47
7 77
8 49
8 50
8 60
8 77
8 82
8 83
8 87
9 13
9 22
9 30
9 38
9 40
9 44
9 51
9 70
9 99
10 20
10 37
10 48
10 65
10 97
11 27
11 39
11 62
11 64
11 84
11 95
12 24
12 25
12 29
12 60
12 72
13 34
13 44
13 59
13 96
13 99
14 41
14 67
14 76
15 16
15 21
15 40
15 42
15 51
16 42
16 44
16 51
16 57
17 45
17 55
17 61
17 78
17 86
18 37
18 65
18 79
18 84
18 95
19 36
19 43
19 91
19 98
20 48
20 90
20 97
20 98
21 26
21 31
21 40
21 42
22 56
22 70
22 99
23 52
23 53
23 68
23 97
24 50
24 60
24 72
25 28
25 29
25 47
25 58
25 60
26 30
26 31
26 40
27 39
27 44
27 64
27 89
27 93
28 47
28 58
28 71
28 76
29 58
29 63
29 72
30 31
30 38
30 40
31 38
31 46
31 50
31 70
31 87
32 41
32 67
32 69
32 85
33 75
33 79
33 92
34 44
34 59
34 81
35 67
35 71
35 74
35 75
35 76
35 79
35 85
36 43
36 69
36 82
36 97
36 98
37 53
37 62
37 65
37 95
37 97
38 70
39 45
39 62
39 68
39 73
40 51
41 67
41 69
41 77
41 82
42 57
42 63
43 69
43 74
43 75
43 91
44 51
44 57
44 93
45 55
45 61
45 68
46 49
46 70
46 82
46 87
46 88
47 60
47 77
48 65
48 79
48 90
48 92
48 98
49 82
49 87
50 60
50 72
50 87
52 66
52 68
52 86
52 97
53 62
53 68
53 73
53 97
54 59
54 81
54 86
54 88
55 66
55 68
55 78
55 80
56 70
56 94
56 96
56 99
57 58
57 63
57 93
58 63
58 71
58 84
58 89
58 93
59 81
59 88
59 96
60 77
62 73
62 95
63 72
64 84
64 89
65 79
66 68
66 78
66 80
66 86
67 76
67 85
68 73
69 74
69 82
69 85
71 76
71 79
71 84
74 75
74 85
75 79
77 83
78 80
78 86
79 84
79 92
82 83
82 88
82 97
84 89
84 95
86 88
86 97
88 94
88 96
88 97
89 93
90 98
92 98
94 96
96 99
97 98

================================================================================
РАСКРАСКА ПО ВЕРШИНАМ
================================================================================
0: 3 (ЧЕТВЁРТЫЙ)
1: 0 (КРАСНЫЙ)
2: 3 (ЧЕТВЁРТЫЙ)
3: 0 (КРАСНЫЙ)
4: 1 (СИНИЙ)
5: 1 (СИНИЙ)
6: 2 (ЗЕЛЁНЫЙ)
7: 0 (КРАСНЫЙ)
8: 1 (СИНИЙ)
9: 0 (КРАСНЫЙ)
10: 0 (КРАСНЫЙ)
11: 0 (КРАСНЫЙ)
12: 1 (СИНИЙ)
13: 1 (СИНИЙ)
14: 1 (СИНИЙ)
15: 1 (СИНИЙ)
16: 0 (КРАСНЫЙ)
17: 0 (КРАСНЫЙ)
18: 0 (КРАСНЫЙ)
19: 2 (ЗЕЛЁНЫЙ)
20: 1 (СИНИЙ)
21: 3 (ЧЕТВЁРТЫЙ)
22: 2 (ЗЕЛЁНЫЙ)
23: 1 (СИНИЙ)
24: 0 (КРАСНЫЙ)
25: 0 (КРАСНЫЙ)
26: 1 (СИНИЙ)
27: 3 (ЧЕТВЁРТЫЙ)
28: 3 (ЧЕТВЁРТЫЙ)
29: 2 (ЗЕЛЁНЫЙ)
30: 3 (ЧЕТВЁРТЫЙ)
31: 0 (КРАСНЫЙ)
32: 0 (КРАСНЫЙ)
33: 0 (КРАСНЫЙ)
34: 3 (ЧЕТВЁРТЫЙ)
35: 3 (ЧЕТВЁРТЫЙ)
36: 3 (ЧЕТВЁРТЫЙ)
37: 3 (ЧЕТВЁРТЫЙ)
38: 1 (СИНИЙ)
39: 1 (СИНИЙ)
40: 2 (ЗЕЛЁНЫЙ)
41: 3 (ЧЕТВЁРТЫЙ)
42: 2 (ЗЕЛЁНЫЙ)
43: 1 (СИНИЙ)
44: 2 (ЗЕЛЁНЫЙ)
45: 3 (ЧЕТВЁРТЫЙ)
46: 1 (СИНИЙ)
47: 1 (СИНИЙ)
48: 3 (ЧЕТВЁРТЫЙ)
49: 2 (ЗЕЛЁНЫЙ)
50: 2 (ЗЕЛЁНЫЙ)
51: 3 (ЧЕТВЁРТЫЙ)
52: 3 (ЧЕТВЁРТЫЙ)
53: 0 (КРАСНЫЙ)
54: 0 (КРАСНЫЙ)
55: 1 (СИНИЙ)
56: 1 (СИНИЙ)
57: 3 (ЧЕТВЁРТЫЙ)
58: 1 (СИНИЙ)
59: 2 (ЗЕЛЁНЫЙ)
60: 3 (ЧЕТВЁРТЫЙ)
61: 1 (СИНИЙ)
62: 2 (ЗЕЛЁНЫЙ)
63: 0 (КРАСНЫЙ)
64: 1 (СИНИЙ)
65: 2 (ЗЕЛЁНЫЙ)
66: 0 (КРАСНЫЙ)
67: 2 (ЗЕЛЁНЫЙ)
68: 2 (ЗЕЛЁНЫЙ)
69: 2 (ЗЕЛЁНЫЙ)
70: 3 (ЧЕТВЁРТЫЙ)
71: 2 (ЗЕЛЁНЫЙ)
72: 3 (ЧЕТВЁРТЫЙ)
73: 3 (ЧЕТВЁРТЫЙ)
74: 0 (КРАСНЫЙ)
75: 2 (ЗЕЛЁНЫЙ)
76: 0 (КРАСНЫЙ)
77: 2 (ЗЕЛЁНЫЙ)
78: 3 (ЧЕТВЁРТЫЙ)
79: 1 (СИНИЙ)
80: 2 (ЗЕЛЁНЫЙ)
81: 1 (СИНИЙ)
82: 0 (КРАСНЫЙ)
83: 3 (ЧЕТВЁРТЫЙ)
84: 3 (ЧЕТВЁРТЫЙ)
85: 1 (СИНИЙ)
86: 1 (СИНИЙ)
87: 3 (ЧЕТВЁРТЫЙ)
88: 3 (ЧЕТВЁРТЫЙ)
89: 2 (ЗЕЛЁНЫЙ)
90: 2 (ЗЕЛЁНЫЙ)
91: 0 (КРАСНЫЙ)
92: 2 (ЗЕЛЁНЫЙ)
93: 0 (КРАСНЫЙ)
94: 2 (ЗЕЛЁНЫЙ)
95: 1 (СИНИЙ)
96: 0 (КРАСНЫЙ)
97: 2 (ЗЕЛЁНЫЙ)
98: 0 (КРАСНЫЙ)
99: 3 (ЧЕТВЁРТЫЙ)

================================================================================
РЕЗУЛЬТАТ ПРОВЕРКИ
================================================================================
Всего рёбер: 294
Проверено рёбер: 294
Конфликты: НЕТ
OK: КОНФЛИКТОВ НЕТ! Раскраска корректна.
