Лог-файл раскраски графа
Граф: graph_100_009
Дата: 2026-09-21 10:05:13
Статус: УСПЕШНО
Время выполнения: 13.31 секунд
================================================================================

Загружен граф: 100 вершин, 294 рёбер
Имя графа: graph_100_009
Файл: graphs100\graph_100_009.json

================================================================================
ГРАФ
================================================================================
Всего вершин: 100
Всего рёбер: 294

Вершины:
0
1
2
3
4
5
6
7
8
9
10
11
12
13
14
15
16
17
18
19
20
21
22
23
24
25
26
27
28
29
30
31
32
33
34
35
36
37
38
39
40
41
42
43
44
45
46
47
48
49
50
51
52
53
54
55
56
57
58
59
60
61
62
63
64
65
66
67
68
69
70
71
72
73
74
75
76
77
78
79
80
81
82
83
84
85
86
87
88
89
90
91
92
93
94
95
96
97
98
99

Рёбра:
0 4
0 46
0 62
0 99
1 3
1 45
1 48
1 89
1 93
2 4
2 27
2 29
2 36
2 42
2 44
2 52
2 99
3 33
3 35
3 45
3 65
3 93
4 29
4 46
4 99
5 17
5 37
5 60
5 73
5 74
6 13
6 24
6 32
7 20
7 25
7 40
7 43
7 68
7 79
7 95
8 12
8 18
8 49
8 51
8 53
8 69
9 15
9 20
9 25
9 30
9 38
9 59
9 85
10 30
10 38
10 54
10 55
10 71
10 87
11 40
11 53
11 61
11 75
11 92
12 18
12 51
12 80
12 94
13 16
13 22
13 24
13 32
13 51
13 77
13 80
14 56
14 57
14 64
15 59
15 67
15 85
15 88
15 96
15 98
16 22
16 31
16 51
16 92
17 37
17 41
17 70
17 73
18 49
18 94
19 21
19 34
19 38
19 54
19 58
20 25
20 38
20 43
20 78
21 34
21 35
21 38
21 39
21 65
21 78
22 31
22 77
23 66
23 68
23 85
23 95
23 96
24 32
24 77
24 81
25 85
25 95
26 44
26 47
26 48
26 50
26 52
26 84
26 86
26 93
27 52
27 99
28 31
28 77
28 81
28 91
28 97
29 36
29 46
29 65
29 82
30 38
30 59
30 87
31 61
31 76
31 77
31 83
31 91
31 92
32 47
32 64
32 80
32 81
32 94
33 36
33 42
33 50
33 65
33 86
33 93
34 58
34 65
35 39
35 45
35 65
35 72
35 78
36 42
36 65
37 55
37 62
37 70
37 71
37 74
38 54
38 78
39 78
40 53
40 68
40 69
40 75
40 79
41 56
41 60
41 64
41 70
41 73
42 44
42 50
43 78
43 79
44 50
44 52
45 72
45 76
45 89
46 54
46 62
46 71
46 82
47 52
47 64
47 81
47 84
47 90
47 97
48 84
48 89
48 90
48 93
49 66
49 67
49 69
49 94
49 96
50 86
51 53
51 80
51 92
52 64
52 99
53 69
53 92
54 58
54 71
54 82
55 70
55 71
55 87
56 57
56 64
56 70
57 59
57 64
57 70
57 88
58 65
58 82
59 70
59 87
59 88
60 62
60 64
60 73
60 74
61 75
61 83
61 92
62 64
62 71
62 74
62 99
63 64
63 67
63 94
63 98
64 88
64 94
64 98
64 99
65 82
66 68
66 69
66 96
67 94
67 96
67 98
68 69
68 95
70 87
72 75
72 76
72 78
75 76
75 78
75 79
75 83
76 83
76 89
76 91
76 97
77 81
78 79
80 94
81 97
84 90
85 95
85 96
86 93
88 98
89 90
89 97
90 97
91 97

================================================================================
РАСКРАСКА ПО ВЕРШИНАМ
================================================================================
0: 0 (КРАСНЫЙ)
1: 0 (КРАСНЫЙ)
2: 0 (КРАСНЫЙ)
3: 1 (СИНИЙ)
4: 2 (ЗЕЛЁНЫЙ)
5: 1 (СИНИЙ)
6: 1 (СИНИЙ)
7: 3 (ЧЕТВЁРТЫЙ)
8: 1 (СИНИЙ)
9: 3 (ЧЕТВЁРТЫЙ)
10: 3 (ЧЕТВЁРТЫЙ)
11: 3 (ЧЕТВЁРТЫЙ)
12: 3 (ЧЕТВЁРТЫЙ)
13: 3 (ЧЕТВЁРТЫЙ)
14: 3 (ЧЕТВЁРТЫЙ)
15: 0 (КРАСНЫЙ)
16: 0 (КРАСНЫЙ)
17: 2 (ЗЕЛЁНЫЙ)
18: 2 (ЗЕЛЁНЫЙ)
19: 3 (ЧЕТВЁРТЫЙ)
20: 1 (СИНИЙ)
21: 0 (КРАСНЫЙ)
22: 1 (СИНИЙ)
23: 3 (ЧЕТВЁРТЫЙ)
24: 0 (КРАСНЫЙ)
25: 0 (КРАСНЫЙ)
26: 0 (КРАСНЫЙ)
27: 2 (ЗЕЛЁНЫЙ)
28: 0 (КРАСНЫЙ)
29: 1 (СИНИЙ)
30: 1 (СИНИЙ)
31: 3 (ЧЕТВЁРТЫЙ)
32: 2 (ЗЕЛЁНЫЙ)
33: 0 (КРАСНЫЙ)
34: 2 (ЗЕЛЁНЫЙ)
35: 2 (ЗЕЛЁНЫЙ)
36: 2 (ЗЕЛЁНЫЙ)
37: 0 (КРАСНЫЙ)
38: 2 (ЗЕЛЁНЫЙ)
39: 1 (СИНИЙ)
40: 1 (СИНИЙ)
41: 1 (СИНИЙ)
42: 3 (ЧЕТВЁРТЫЙ)
43: 2 (ЗЕЛЁНЫЙ)
44: 2 (ЗЕЛЁНЫЙ)
45: 3 (ЧЕТВЁРТЫЙ)
46: 3 (ЧЕТВЁРТЫЙ)
47: 3 (ЧЕТВЁРТЫЙ)
48: 2 (ЗЕЛЁНЫЙ)
49: 0 (КРАСНЫЙ)
50: 1 (СИНИЙ)
51: 2 (ЗЕЛЁНЫЙ)
52: 1 (СИНИЙ)
53: 0 (КРАСНЫЙ)
54: 0 (КРАСНЫЙ)
55: 1 (СИНИЙ)
56: 2 (ЗЕЛЁНЫЙ)
57: 1 (СИНИЙ)
58: 1 (СИНИЙ)
59: 2 (ЗЕЛЁНЫЙ)
60: 3 (ЧЕТВЁРТЫЙ)
61: 0 (КРАСНЫЙ)
62: 1 (СИНИЙ)
63: 2 (ЗЕЛЁНЫЙ)
64: 0 (КРАСНЫЙ)
65: 3 (ЧЕТВЁРТЫЙ)
66: 1 (СИНИЙ)
67: 3 (ЧЕТВЁРТЫЙ)
68: 0 (КРАСНЫЙ)
69: 3 (ЧЕТВЁРТЫЙ)
70: 3 (ЧЕТВЁРТЫЙ)
71: 2 (ЗЕЛЁНЫЙ)
72: 1 (СИНИЙ)
73: 0 (КРАСНЫЙ)
74: 2 (ЗЕЛЁНЫЙ)
75: 2 (ЗЕЛЁНЫЙ)
76: 0 (КРАСНЫЙ)
77: 2 (ЗЕЛЁНЫЙ)
78: 3 (ЧЕТВЁРТЫЙ)
79: 0 (КРАСНЫЙ)
80: 0 (КРАСНЫЙ)
81: 1 (СИНИЙ)
82: 2 (ЗЕЛЁНЫЙ)
83: 1 (СИНИЙ)
84: 1 (СИНИЙ)
85: 1 (СИНИЙ)
86: 2 (ЗЕЛЁНЫЙ)
87: 0 (КРАСНЫЙ)
88: 3 (ЧЕТВЁРТЫЙ)
89: 1 (СИНИЙ)
90: 0 (КРАСНЫЙ)
91: 1 (СИНИЙ)
92: 1 (СИНИЙ)
93: 3 (ЧЕТВЁРТЫЙ)
94: 1 (СИНИЙ)
95: 2 (ЗЕЛЁНЫЙ)
96: 2 (ЗЕЛЁНЫЙ)
97: 2 (ЗЕЛЁНЫЙ)
98: 1 (СИНИЙ)
99: 3 (ЧЕТВЁРТЫЙ)

================================================================================
РЕЗУЛЬТАТ ПРОВЕРКИ
================================================================================
Всего рёбер: 294
Проверено рёбер: 294
Конфликты: НЕТ
OK: КОНФЛИКТОВ НЕТ! Раскраска корректна.
