Лог-файл раскраски графа
Граф: graph_100_073
Дата: 2026-09-21 10:29:38
Статус: УСПЕШНО
Время выполнения: 10.70 секунд
================================================================================

Загружен граф: 100 вершин, 294 рёбер
Имя графа: graph_100_073
Файл: graphs100\graph_100_073.json

================================================================================
ГРАФ
================================================================================
Всего вершин: 100
Всего рёбер: 294

Вершины:
0
1
2
3
4
5
6
7
8
9
10
11
12
13
14
15
16
17
18
19
20
21
22
23
24
25
26
27
28
29
30
31
32
33
34
35
36
37
38
39
40
41
42
43
44
45
46
47
48
49
50
51
52
53
54
55
56
57
58
59
60
61
62
63
64
65
66
67
68
69
70
71
72
73
74
75
76
77
78
79
80
81
82
83
84
85
86
87
88
89
90
91
92
93
94
95
96
97
98
99

Рёбра:
0 17
0 30
0 51
0 81
1 5
1 17
1 21
1 26
1 43
1 45
1 47
1 66
2 42
2 71
2 91
2 95
2 98
3 7
3 25
3 32
3 34
4 31
4 37
4 59
4 62
4 93
5 26
5 40
5 66
5 92
5 94
6 8
6 49
6 86
6 96
7 16
7 27
7 32
7 34
7 77
8 23
8 35
8 86
8 96
9 10
9 28
9 31
9 64
9 73
9 80
10 28
10 74
10 80
11 12
11 27
11 61
11 77
12 20
12 61
12 77
12 82
12 97
13 53
13 55
13 56
13 79
13 89
13 99
14 29
14 70
14 76
14 90
15 30
15 38
15 51
15 88
16 27
16 34
16 61
16 69
17 21
17 30
17 47
17 81
18 52
18 85
18 99
19 47
19 54
19 65
19 66
19 71
19 81
19 93
20 52
20 56
20 82
20 97
20 99
21 29
21 30
21 43
21 76
21 88
22 44
22 50
22 55
22 57
22 63
22 75
22 85
23 35
23 45
23 86
24 36
24 58
24 64
24 78
24 95
25 32
25 34
25 40
25 94
26 45
26 92
27 61
27 77
28 50
28 57
28 64
28 74
28 90
29 43
29 70
29 72
29 76
30 51
30 88
31 36
31 59
31 62
31 64
31 73
32 40
32 41
32 56
32 65
32 77
32 97
33 37
33 38
33 39
33 67
33 87
33 90
34 35
34 69
34 94
34 96
35 45
35 94
35 96
36 62
36 64
36 95
37 38
37 51
37 59
37 87
37 93
38 51
38 67
38 88
39 74
39 87
39 90
40 65
40 66
40 94
41 56
41 65
41 83
42 62
42 71
42 93
42 95
43 45
43 46
43 70
43 72
43 86
44 50
44 63
44 68
44 78
45 86
45 92
45 94
46 49
46 70
46 86
47 66
47 81
48 59
48 73
48 74
48 87
49 70
49 84
49 86
49 96
50 57
50 58
50 64
50 78
51 54
51 81
51 93
52 75
52 82
52 85
52 99
53 55
53 68
53 78
53 79
53 91
53 98
54 81
54 93
55 63
55 68
55 85
55 99
56 60
56 83
56 89
56 97
56 99
57 75
57 82
57 84
57 90
58 64
58 78
59 73
59 87
60 79
60 83
60 89
61 69
61 82
61 84
62 93
62 95
63 68
65 66
65 71
65 83
67 76
67 88
67 90
68 78
69 84
69 96
70 72
70 84
70 90
71 83
71 93
71 98
73 74
73 80
74 80
74 87
74 90
75 82
75 85
76 88
76 90
77 97
78 91
78 95
79 83
79 89
79 98
82 84
83 98
84 90
84 96
85 99
91 95
91 98
92 94

================================================================================
РАСКРАСКА ПО ВЕРШИНАМ
================================================================================
0: 0 (КРАСНЫЙ)
1: 3 (ЧЕТВЁРТЫЙ)
2: 0 (КРАСНЫЙ)
3: 2 (ЗЕЛЁНЫЙ)
4: 0 (КРАСНЫЙ)
5: 0 (КРАСНЫЙ)
6: 0 (КРАСНЫЙ)
7: 3 (ЧЕТВЁРТЫЙ)
8: 1 (СИНИЙ)
9: 0 (КРАСНЫЙ)
10: 2 (ЗЕЛЁНЫЙ)
11: 3 (ЧЕТВЁРТЫЙ)
12: 0 (КРАСНЫЙ)
13: 2 (ЗЕЛЁНЫЙ)
14: 0 (КРАСНЫЙ)
15: 0 (КРАСНЫЙ)
16: 0 (КРАСНЫЙ)
17: 2 (ЗЕЛЁНЫЙ)
18: 0 (КРАСНЫЙ)
19: 0 (КРАСНЫЙ)
20: 2 (ЗЕЛЁНЫЙ)
21: 0 (КРАСНЫЙ)
22: 3 (ЧЕТВЁРТЫЙ)
23: 0 (КРАСНЫЙ)
24: 0 (КРАСНЫЙ)
25: 3 (ЧЕТВЁРТЫЙ)
26: 2 (ЗЕЛЁНЫЙ)
27: 2 (ЗЕЛЁНЫЙ)
28: 3 (ЧЕТВЁРТЫЙ)
29: 1 (СИНИЙ)
30: 3 (ЧЕТВЁРТЫЙ)
31: 3 (ЧЕТВЁРТЫЙ)
32: 0 (КРАСНЫЙ)
33: 1 (СИНИЙ)
34: 1 (СИНИЙ)
35: 3 (ЧЕТВЁРТЫЙ)
36: 1 (СИНИЙ)
37: 2 (ЗЕЛЁНЫЙ)
38: 3 (ЧЕТВЁРТЫЙ)
39: 0 (КРАСНЫЙ)
40: 1 (СИНИЙ)
41: 2 (ЗЕЛЁНЫЙ)
42: 1 (СИНИЙ)
43: 2 (ЗЕЛЁНЫЙ)
44: 2 (ЗЕЛЁНЫЙ)
45: 1 (СИНИЙ)
46: 0 (КРАСНЫЙ)
47: 1 (СИНИЙ)
48: 0 (КРАСНЫЙ)
49: 1 (СИНИЙ)
50: 0 (КРАСНЫЙ)
51: 1 (СИНИЙ)
52: 1 (СИНИЙ)
53: 0 (КРАСНЫЙ)
54: 2 (ЗЕЛЁНЫЙ)
55: 1 (СИНИЙ)
56: 1 (СИНИЙ)
57: 1 (СИНИЙ)
58: 3 (ЧЕТВЁРТЫЙ)
59: 1 (СИНИЙ)
60: 3 (ЧЕТВЁРТЫЙ)
61: 1 (СИНИЙ)
62: 2 (ЗЕЛЁНЫЙ)
63: 0 (КРАСНЫЙ)
64: 2 (ЗЕЛЁНЫЙ)
65: 3 (ЧЕТВЁРТЫЙ)
66: 2 (ЗЕЛЁНЫЙ)
67: 0 (КРАСНЫЙ)
68: 3 (ЧЕТВЁРТЫЙ)
69: 3 (ЧЕТВЁРТЫЙ)
70: 3 (ЧЕТВЁРТЫЙ)
71: 2 (ЗЕЛЁНЫЙ)
72: 0 (КРАСНЫЙ)
73: 2 (ЗЕЛЁНЫЙ)
74: 1 (СИНИЙ)
75: 0 (КРАСНЫЙ)
76: 3 (ЧЕТВЁРТЫЙ)
77: 1 (СИНИЙ)
78: 1 (СИНИЙ)
79: 1 (СИНИЙ)
80: 3 (ЧЕТВЁРТЫЙ)
81: 3 (ЧЕТВЁРТЫЙ)
82: 3 (ЧЕТВЁРТЫЙ)
83: 0 (КРАСНЫЙ)
84: 0 (КРАСНЫЙ)
85: 2 (ЗЕЛЁНЫЙ)
86: 3 (ЧЕТВЁРТЫЙ)
87: 3 (ЧЕТВЁРТЫЙ)
88: 1 (СИНИЙ)
89: 0 (КРАСНЫЙ)
90: 2 (ЗЕЛЁНЫЙ)
91: 2 (ЗЕЛЁНЫЙ)
92: 3 (ЧЕТВЁРТЫЙ)
93: 3 (ЧЕТВЁРТЫЙ)
94: 2 (ЗЕЛЁНЫЙ)
95: 3 (ЧЕТВЁРТЫЙ)
96: 2 (ЗЕЛЁНЫЙ)
97: 3 (ЧЕТВЁРТЫЙ)
98: 3 (ЧЕТВЁРТЫЙ)
99: 3 (ЧЕТВЁРТЫЙ)

================================================================================
РЕЗУЛЬТАТ ПРОВЕРКИ
================================================================================
Всего рёбер: 294
Проверено рёбер: 294
Конфликты: НЕТ
OK: КОНФЛИКТОВ НЕТ! Раскраска корректна.
