Лог-файл раскраски графа
Граф: graph_100_025
Дата: 2026-09-21 10:11:54
Статус: УСПЕШНО
Время выполнения: 15.96 секунд
================================================================================

Загружен граф: 100 вершин, 294 рёбер
Имя графа: graph_100_025
Файл: graphs100\graph_100_025.json

================================================================================
ГРАФ
================================================================================
Всего вершин: 100
Всего рёбер: 294

Вершины:
0
1
2
3
4
5
6
7
8
9
10
11
12
13
14
15
16
17
18
19
20
21
22
23
24
25
26
27
28
29
30
31
32
33
34
35
36
37
38
39
40
41
42
43
44
45
46
47
48
49
50
51
52
53
54
55
56
57
58
59
60
61
62
63
64
65
66
67
68
69
70
71
72
73
74
75
76
77
78
79
80
81
82
83
84
85
86
87
88
89
90
91
92
93
94
95
96
97
98
99

Рёбра:
0 27
0 37
0 41
0 54
0 69
0 99
1 26
1 59
1 78
1 85
1 86
1 88
1 97
2 5
2 52
2 59
2 60
3 4
3 16
3 29
3 47
3 64
3 87
3 98
4 14
4 56
4 64
4 87
5 59
5 60
5 74
5 86
6 10
6 12
6 67
6 90
7 17
7 23
7 44
7 49
7 72
7 88
8 53
8 55
8 67
8 72
8 79
8 90
9 15
9 30
9 33
9 68
9 79
9 89
10 12
10 14
10 67
10 81
10 87
11 33
11 48
11 77
11 89
11 93
12 18
12 28
12 81
12 90
13 20
13 42
13 46
13 61
14 39
14 56
14 67
14 87
14 88
15 33
15 51
15 68
15 93
16 27
16 47
16 81
16 87
17 21
17 23
17 72
18 28
18 41
18 70
18 77
18 80
18 90
19 22
19 37
19 54
19 63
19 80
20 24
20 42
20 61
20 94
20 95
21 23
21 39
21 67
21 72
22 54
22 63
22 65
23 39
23 88
24 44
24 72
24 94
24 95
25 38
25 43
25 45
25 61
25 94
26 49
26 75
26 85
26 88
26 96
27 28
27 41
27 47
27 81
27 99
28 41
28 81
29 32
29 57
29 64
29 82
29 98
30 70
30 79
30 89
31 36
31 57
31 71
31 83
32 65
32 69
32 82
32 98
32 99
33 89
33 93
34 36
34 52
34 56
34 57
34 64
35 62
35 75
35 84
35 85
36 52
36 57
36 58
36 60
36 83
37 41
37 54
37 80
38 45
38 53
38 94
39 67
39 88
40 43
40 45
40 48
40 51
40 93
41 80
42 46
42 84
42 95
43 45
43 46
43 48
43 61
43 91
44 49
44 72
44 84
44 95
45 51
45 53
46 48
46 61
46 84
46 91
47 98
47 99
48 77
48 83
48 84
48 91
48 93
49 84
49 88
49 96
50 66
50 71
50 82
50 83
51 53
51 68
51 93
52 56
52 59
52 60
53 55
53 68
53 72
53 94
54 65
54 69
55 68
55 79
56 59
56 64
56 88
57 64
57 71
57 82
58 60
58 62
58 73
58 83
58 97
59 86
59 88
60 73
60 74
61 94
62 78
62 83
62 84
62 85
62 97
63 65
63 66
63 76
63 77
63 80
63 92
65 66
65 69
65 82
66 77
66 82
66 83
67 72
67 90
68 79
69 99
70 77
70 79
70 89
70 90
71 82
71 83
72 94
73 74
73 97
74 86
74 97
75 84
75 85
75 96
76 77
76 80
76 92
77 80
77 83
77 89
77 92
78 85
78 97
79 90
81 87
83 84
84 95
84 96
86 97
98 99

================================================================================
РАСКРАСКА ПО ВЕРШИНАМ
================================================================================
0: 0 (КРАСНЫЙ)
1: 0 (КРАСНЫЙ)
2: 0 (КРАСНЫЙ)
3: 3 (ЧЕТВЁРТЫЙ)
4: 1 (СИНИЙ)
5: 3 (ЧЕТВЁРТЫЙ)
6: 2 (ЗЕЛЁНЫЙ)
7: 0 (КРАСНЫЙ)
8: 0 (КРАСНЫЙ)
9: 3 (ЧЕТВЁРТЫЙ)
10: 0 (КРАСНЫЙ)
11: 1 (СИНИЙ)
12: 1 (СИНИЙ)
13: 2 (ЗЕЛЁНЫЙ)
14: 3 (ЧЕТВЁРТЫЙ)
15: 1 (СИНИЙ)
16: 0 (КРАСНЫЙ)
17: 1 (СИНИЙ)
18: 0 (КРАСНЫЙ)
19: 3 (ЧЕТВЁРТЫЙ)
20: 3 (ЧЕТВЁРТЫЙ)
21: 2 (ЗЕЛЁНЫЙ)
22: 0 (КРАСНЫЙ)
23: 3 (ЧЕТВЁРТЫЙ)
24: 0 (КРАСНЫЙ)
25: 2 (ЗЕЛЁНЫЙ)
26: 3 (ЧЕТВЁРТЫЙ)
27: 1 (СИНИЙ)
28: 2 (ЗЕЛЁНЫЙ)
29: 0 (КРАСНЫЙ)
30: 0 (КРАСНЫЙ)
31: 2 (ЗЕЛЁНЫЙ)
32: 2 (ЗЕЛЁНЫЙ)
33: 0 (КРАСНЫЙ)
34: 1 (СИНИЙ)
35: 2 (ЗЕЛЁНЫЙ)
36: 0 (КРАСНЫЙ)
37: 1 (СИНИЙ)
38: 3 (ЧЕТВЁРТЫЙ)
39: 0 (КРАСНЫЙ)
40: 1 (СИНИЙ)
41: 3 (ЧЕТВЁРТЫЙ)
42: 0 (КРАСНЫЙ)
43: 3 (ЧЕТВЁРТЫЙ)
44: 1 (СИНИЙ)
45: 0 (КРАСНЫЙ)
46: 1 (СИНИЙ)
47: 2 (ЗЕЛЁНЫЙ)
48: 0 (КРАСНЫЙ)
49: 2 (ЗЕЛЁНЫЙ)
50: 3 (ЧЕТВЁРТЫЙ)
51: 3 (ЧЕТВЁРТЫЙ)
52: 3 (ЧЕТВЁРТЫЙ)
53: 2 (ЗЕЛЁНЫЙ)
54: 2 (ЗЕЛЁНЫЙ)
55: 3 (ЧЕТВЁРТЫЙ)
56: 0 (КРАСНЫЙ)
57: 3 (ЧЕТВЁРТЫЙ)
58: 3 (ЧЕТВЁРТЫЙ)
59: 2 (ЗЕЛЁНЫЙ)
60: 2 (ЗЕЛЁНЫЙ)
61: 0 (КРАСНЫЙ)
62: 0 (КРАСНЫЙ)
63: 1 (СИНИЙ)
64: 2 (ЗЕЛЁНЫЙ)
65: 3 (ЧЕТВЁРТЫЙ)
66: 0 (КРАСНЫЙ)
67: 1 (СИНИЙ)
68: 0 (КРАСНЫЙ)
69: 1 (СИНИЙ)
70: 1 (СИНИЙ)
71: 0 (КРАСНЫЙ)
72: 3 (ЧЕТВЁРТЫЙ)
73: 1 (СИНИЙ)
74: 0 (КРАСНЫЙ)
75: 0 (КРАСНЫЙ)
76: 0 (КРАСНЫЙ)
77: 3 (ЧЕТВЁРТЫЙ)
78: 3 (ЧЕТВЁРТЫЙ)
79: 2 (ЗЕЛЁНЫЙ)
80: 2 (ЗЕЛЁНЫЙ)
81: 3 (ЧЕТВЁРТЫЙ)
82: 1 (СИНИЙ)
83: 1 (СИНИЙ)
84: 3 (ЧЕТВЁРТЫЙ)
85: 1 (СИНИЙ)
86: 1 (СИНИЙ)
87: 2 (ЗЕЛЁНЫЙ)
88: 1 (СИНИЙ)
89: 2 (ЗЕЛЁНЫЙ)
90: 3 (ЧЕТВЁРТЫЙ)
91: 2 (ЗЕЛЁНЫЙ)
92: 2 (ЗЕЛЁНЫЙ)
93: 2 (ЗЕЛЁНЫЙ)
94: 1 (СИНИЙ)
95: 2 (ЗЕЛЁНЫЙ)
96: 1 (СИНИЙ)
97: 2 (ЗЕЛЁНЫЙ)
98: 1 (СИНИЙ)
99: 3 (ЧЕТВЁРТЫЙ)

================================================================================
РЕЗУЛЬТАТ ПРОВЕРКИ
================================================================================
Всего рёбер: 294
Проверено рёбер: 294
Конфликты: НЕТ
OK: КОНФЛИКТОВ НЕТ! Раскраска корректна.
