Лог-файл раскраски графа
Граф: graph_100_026
Дата: 2026-09-21 10:12:05
Статус: УСПЕШНО
Время выполнения: 11.54 секунд
================================================================================

Загружен граф: 100 вершин, 294 рёбер
Имя графа: graph_100_026
Файл: graphs100\graph_100_026.json

================================================================================
ГРАФ
================================================================================
Всего вершин: 100
Всего рёбер: 294

Вершины:
0
1
2
3
4
5
6
7
8
9
10
11
12
13
14
15
16
17
18
19
20
21
22
23
24
25
26
27
28
29
30
31
32
33
34
35
36
37
38
39
40
41
42
43
44
45
46
47
48
49
50
51
52
53
54
55
56
57
58
59
60
61
62
63
64
65
66
67
68
69
70
71
72
73
74
75
76
77
78
79
80
81
82
83
84
85
86
87
88
89
90
91
92
93
94
95
96
97
98
99

Рёбра:
0 3
0 33
0 47
0 54
0 55
1 10
1 14
1 16
1 24
1 56
1 80
1 87
2 4
2 11
2 48
2 62
2 72
2 73
2 82
3 33
3 55
3 68
4 13
4 44
4 46
4 65
4 72
4 73
5 28
5 29
5 31
5 54
5 55
5 93
5 97
6 17
6 40
6 51
6 70
6 96
7 21
7 30
7 38
7 52
7 75
7 89
8 22
8 27
8 79
8 80
9 10
9 33
9 39
9 60
9 67
9 84
9 86
10 14
10 16
10 39
10 42
10 43
10 60
10 94
11 23
11 34
11 37
11 48
11 62
12 16
12 32
12 34
12 88
12 94
13 19
13 43
13 58
13 65
13 73
13 83
13 84
14 56
14 59
14 60
14 61
15 20
15 56
15 81
15 85
16 24
16 88
16 94
17 47
17 51
17 54
17 96
18 25
18 71
18 75
18 89
18 92
19 67
19 83
19 84
20 56
20 59
20 81
20 90
20 98
21 29
21 30
21 38
21 45
21 93
22 27
22 34
22 79
22 88
23 34
23 36
23 46
23 50
23 62
23 66
23 76
23 79
23 81
23 82
23 99
24 27
24 80
24 88
25 75
25 77
25 92
25 99
26 49
26 54
26 63
26 96
27 80
27 88
28 55
28 93
29 45
29 64
29 93
29 97
30 45
30 53
30 75
30 95
31 54
31 63
31 74
31 97
32 34
32 37
32 42
32 94
33 47
33 60
33 68
33 86
34 37
34 79
34 88
35 40
35 76
35 81
35 90
36 44
36 46
36 66
37 42
37 48
37 58
37 73
38 52
38 68
38 86
38 91
38 93
39 43
39 84
40 51
40 70
40 76
40 90
41 65
41 71
41 83
41 86
41 91
42 43
42 58
42 94
43 58
43 84
44 46
44 66
44 72
45 53
45 64
45 69
45 74
46 50
46 65
47 51
47 54
47 60
47 98
48 73
49 63
49 70
49 74
49 96
50 65
50 92
50 99
51 90
51 98
52 89
52 91
53 69
53 95
54 55
54 63
54 96
55 68
55 93
56 57
56 59
56 85
56 87
57 78
57 80
57 85
57 87
58 73
59 61
59 98
60 61
60 98
61 98
62 82
63 74
64 74
64 97
65 71
65 83
65 92
66 72
66 82
67 83
67 84
67 86
68 86
68 93
69 74
69 77
69 95
69 99
70 74
70 76
70 96
71 89
71 91
71 92
72 82
74 76
74 97
74 99
75 77
75 89
75 95
76 81
76 99
77 95
77 99
78 79
78 80
78 85
79 80
79 81
79 85
80 87
81 85
81 90
83 86
86 91
89 91
90 98
92 99

================================================================================
РАСКРАСКА ПО ВЕРШИНАМ
================================================================================
0: 0 (КРАСНЫЙ)
1: 0 (КРАСНЫЙ)
2: 1 (СИНИЙ)
3: 1 (СИНИЙ)
4: 0 (КРАСНЫЙ)
5: 1 (СИНИЙ)
6: 3 (ЧЕТВЁРТЫЙ)
7: 3 (ЧЕТВЁРТЫЙ)
8: 2 (ЗЕЛЁНЫЙ)
9: 0 (КРАСНЫЙ)
10: 3 (ЧЕТВЁРТЫЙ)
11: 3 (ЧЕТВЁРТЫЙ)
12: 0 (КРАСНЫЙ)
13: 1 (СИНИЙ)
14: 1 (СИНИЙ)
15: 0 (КРАСНЫЙ)
16: 1 (СИНИЙ)
17: 2 (ЗЕЛЁНЫЙ)
18: 3 (ЧЕТВЁРТЫЙ)
19: 2 (ЗЕЛЁНЫЙ)
20: 1 (СИНИЙ)
21: 0 (КРАСНЫЙ)
22: 0 (КРАСНЫЙ)
23: 0 (КРАСНЫЙ)
24: 2 (ЗЕЛЁНЫЙ)
25: 0 (КРАСНЫЙ)
26: 0 (КРАСНЫЙ)
27: 1 (СИНИЙ)
28: 0 (КРАСНЫЙ)
29: 2 (ЗЕЛЁНЫЙ)
30: 2 (ЗЕЛЁНЫЙ)
31: 0 (КРАСНЫЙ)
32: 3 (ЧЕТВЁРТЫЙ)
33: 3 (ЧЕТВЁРТЫЙ)
34: 2 (ЗЕЛЁНЫЙ)
35: 0 (КРАСНЫЙ)
36: 2 (ЗЕЛЁНЫЙ)
37: 1 (СИНИЙ)
38: 1 (СИНИЙ)
39: 1 (СИНИЙ)
40: 1 (СИНИЙ)
41: 1 (СИНИЙ)
42: 0 (КРАСНЫЙ)
43: 2 (ЗЕЛЁНЫЙ)
44: 3 (ЧЕТВЁРТЫЙ)
45: 3 (ЧЕТВЁРТЫЙ)
46: 1 (СИНИЙ)
47: 1 (СИНИЙ)
48: 0 (КРАСНЫЙ)
49: 3 (ЧЕТВЁРТЫЙ)
50: 2 (ЗЕЛЁНЫЙ)
51: 0 (КРАСНЫЙ)
52: 0 (КРАСНЫЙ)
53: 1 (СИНИЙ)
54: 3 (ЧЕТВЁРТЫЙ)
55: 2 (ЗЕЛЁНЫЙ)
56: 3 (ЧЕТВЁРТЫЙ)
57: 1 (СИНИЙ)
58: 3 (ЧЕТВЁРТЫЙ)
59: 2 (ЗЕЛЁНЫЙ)
60: 2 (ЗЕЛЁНЫЙ)
61: 0 (КРАСНЫЙ)
62: 2 (ЗЕЛЁНЫЙ)
63: 2 (ЗЕЛЁНЫЙ)
64: 0 (КРАСНЫЙ)
65: 3 (ЧЕТВЁРТЫЙ)
66: 1 (СИНИЙ)
67: 1 (СИНИЙ)
68: 0 (КРАСНЫЙ)
69: 0 (КРАСНЫЙ)
70: 0 (КРАСНЫЙ)
71: 0 (КРАСНЫЙ)
72: 2 (ЗЕЛЁНЫЙ)
73: 2 (ЗЕЛЁНЫЙ)
74: 1 (СИНИЙ)
75: 1 (СИНИЙ)
76: 2 (ЗЕЛЁНЫЙ)
77: 2 (ЗЕЛЁНЫЙ)
78: 0 (КРАСНЫЙ)
79: 1 (СИНИЙ)
80: 3 (ЧЕТВЁРТЫЙ)
81: 3 (ЧЕТВЁРТЫЙ)
82: 3 (ЧЕТВЁРТЫЙ)
83: 0 (КРАСНЫЙ)
84: 3 (ЧЕТВЁРТЫЙ)
85: 2 (ЗЕЛЁНЫЙ)
86: 2 (ЗЕЛЁНЫЙ)
87: 2 (ЗЕЛЁНЫЙ)
88: 3 (ЧЕТВЁРТЫЙ)
89: 2 (ЗЕЛЁНЫЙ)
90: 2 (ЗЕЛЁНЫЙ)
91: 3 (ЧЕТВЁРТЫЙ)
92: 1 (СИНИЙ)
93: 3 (ЧЕТВЁРТЫЙ)
94: 2 (ЗЕЛЁНЫЙ)
95: 3 (ЧЕТВЁРТЫЙ)
96: 1 (СИНИЙ)
97: 3 (ЧЕТВЁРТЫЙ)
98: 3 (ЧЕТВЁРТЫЙ)
99: 3 (ЧЕТВЁРТЫЙ)

================================================================================
РЕЗУЛЬТАТ ПРОВЕРКИ
================================================================================
Всего рёбер: 294
Проверено рёбер: 294
Конфликты: НЕТ
OK: КОНФЛИКТОВ НЕТ! Раскраска корректна.
