Лог-файл раскраски графа
Граф: graph_100_043
Дата: 2026-09-21 10:18:09
Статус: УСПЕШНО
Время выполнения: 13.47 секунд
================================================================================

Загружен граф: 100 вершин, 294 рёбер
Имя графа: graph_100_043
Файл: graphs100\graph_100_043.json

================================================================================
ГРАФ
================================================================================
Всего вершин: 100
Всего рёбер: 294

Вершины:
0
1
2
3
4
5
6
7
8
9
10
11
12
13
14
15
16
17
18
19
20
21
22
23
24
25
26
27
28
29
30
31
32
33
34
35
36
37
38
39
40
41
42
43
44
45
46
47
48
49
50
51
52
53
54
55
56
57
58
59
60
61
62
63
64
65
66
67
68
69
70
71
72
73
74
75
76
77
78
79
80
81
82
83
84
85
86
87
88
89
90
91
92
93
94
95
96
97
98
99

Рёбра:
0 44
0 50
0 65
0 68
0 91
0 92
1 14
1 19
1 30
1 33
1 51
2 5
2 54
2 81
2 92
3 25
3 26
3 28
3 29
3 69
3 89
4 9
4 44
4 65
4 77
5 11
5 55
5 58
5 81
5 88
5 92
5 97
6 34
6 70
6 72
6 74
6 87
7 23
7 31
7 39
7 48
7 61
7 94
8 14
8 34
8 42
8 71
8 79
8 85
8 93
9 13
9 54
9 65
9 77
9 92
10 17
10 45
10 78
10 84
11 24
11 54
11 55
11 81
12 16
12 49
12 57
12 58
12 88
13 54
13 77
13 99
14 30
14 33
14 34
14 47
14 93
15 43
15 44
15 50
15 62
15 77
15 82
16 29
16 49
16 67
16 71
16 88
16 89
17 41
17 45
17 46
17 53
17 56
17 63
17 84
17 86
17 90
18 20
18 21
18 25
18 38
18 69
18 75
18 90
19 30
19 51
19 62
19 72
19 74
20 38
20 75
20 83
20 90
20 98
21 46
21 52
21 53
21 56
21 63
21 69
21 90
22 26
22 32
22 35
22 60
22 73
23 39
23 48
23 80
23 98
24 40
24 54
24 55
24 78
24 86
24 99
25 26
25 27
25 69
25 75
26 27
26 29
26 32
26 71
26 73
27 31
27 32
27 75
27 96
28 36
28 52
28 55
28 67
28 69
28 89
29 71
29 89
30 34
30 74
31 32
31 48
31 94
31 96
32 60
32 94
33 47
33 50
33 51
33 82
34 64
34 70
34 74
34 79
35 42
35 60
35 73
35 79
35 95
36 45
36 52
36 55
36 56
36 78
37 61
37 76
37 87
37 94
37 95
38 90
39 61
39 66
39 76
39 80
40 55
40 78
41 66
41 72
41 80
41 86
41 87
41 90
41 98
42 73
42 79
42 85
43 44
43 50
43 91
44 65
44 77
44 91
45 56
45 78
46 53
46 63
47 50
47 68
47 93
48 83
48 96
48 98
49 57
49 71
50 68
50 82
50 91
51 62
51 82
52 56
52 69
53 56
54 81
54 92
54 99
55 67
55 78
55 97
57 58
57 68
57 71
57 92
57 93
58 88
58 92
59 64
59 79
59 87
59 95
60 94
60 95
61 76
61 94
62 72
62 77
62 82
62 99
63 90
64 70
64 79
64 87
65 92
66 76
66 80
66 87
67 88
67 89
67 97
68 92
68 93
70 87
71 73
71 85
71 93
72 74
72 86
72 87
72 99
73 85
75 83
75 96
76 87
77 99
78 84
78 86
79 95
80 98
83 96
83 98
84 86
86 99
87 95
88 97
90 98
94 95

================================================================================
РАСКРАСКА ПО ВЕРШИНАМ
================================================================================
0: 1 (СИНИЙ)
1: 0 (КРАСНЫЙ)
2: 2 (ЗЕЛЁНЫЙ)
3: 0 (КРАСНЫЙ)
4: 0 (КРАСНЫЙ)
5: 3 (ЧЕТВЁРТЫЙ)
6: 0 (КРАСНЫЙ)
7: 0 (КРАСНЫЙ)
8: 0 (КРАСНЫЙ)
9: 3 (ЧЕТВЁРТЫЙ)
10: 0 (КРАСНЫЙ)
11: 2 (ЗЕЛЁНЫЙ)
12: 0 (КРАСНЫЙ)
13: 0 (КРАСНЫЙ)
14: 3 (ЧЕТВЁРТЫЙ)
15: 1 (СИНИЙ)
16: 3 (ЧЕТВЁРТЫЙ)
17: 3 (ЧЕТВЁРТЫЙ)
18: 0 (КРАСНЫЙ)
19: 1 (СИНИЙ)
20: 1 (СИНИЙ)
21: 3 (ЧЕТВЁРТЫЙ)
22: 1 (СИНИЙ)
23: 1 (СИНИЙ)
24: 0 (КРАСНЫЙ)
25: 1 (СИНИЙ)
26: 3 (ЧЕТВЁРТЫЙ)
27: 2 (ЗЕЛЁНЫЙ)
28: 3 (ЧЕТВЁРТЫЙ)
29: 1 (СИНИЙ)
30: 2 (ЗЕЛЁНЫЙ)
31: 3 (ЧЕТВЁРТЫЙ)
32: 0 (КРАСНЫЙ)
33: 1 (СИНИЙ)
34: 1 (СИНИЙ)
35: 2 (ЗЕЛЁНЫЙ)
36: 0 (КРАСНЫЙ)
37: 0 (КРАСНЫЙ)
38: 3 (ЧЕТВЁРТЫЙ)
39: 3 (ЧЕТВЁРТЫЙ)
40: 2 (ЗЕЛЁНЫЙ)
41: 0 (КРАСНЫЙ)
42: 1 (СИНИЙ)
43: 0 (КРАСНЫЙ)
44: 3 (ЧЕТВЁРТЫЙ)
45: 1 (СИНИЙ)
46: 0 (КРАСНЫЙ)
47: 0 (КРАСНЫЙ)
48: 2 (ЗЕЛЁНЫЙ)
49: 1 (СИНИЙ)
50: 3 (ЧЕТВЁРТЫЙ)
51: 3 (ЧЕТВЁРТЫЙ)
52: 1 (СИНИЙ)
53: 1 (СИНИЙ)
54: 1 (СИНИЙ)
55: 1 (СИНИЙ)
56: 2 (ЗЕЛЁНЫЙ)
57: 3 (ЧЕТВЁРТЫЙ)
58: 2 (ЗЕЛЁНЫЙ)
59: 2 (ЗЕЛЁНЫЙ)
60: 3 (ЧЕТВЁРТЫЙ)
61: 1 (СИНИЙ)
62: 0 (КРАСНЫЙ)
63: 1 (СИНИЙ)
64: 0 (КРАСНЫЙ)
65: 2 (ЗЕЛЁНЫЙ)
66: 1 (СИНИЙ)
67: 0 (КРАСНЫЙ)
68: 2 (ЗЕЛЁНЫЙ)
69: 2 (ЗЕЛЁНЫЙ)
70: 2 (ЗЕЛЁНЫЙ)
71: 2 (ЗЕЛЁНЫЙ)
72: 2 (ЗЕЛЁНЫЙ)
73: 0 (КРАСНЫЙ)
74: 3 (ЧЕТВЁРТЫЙ)
75: 3 (ЧЕТВЁРТЫЙ)
76: 2 (ЗЕЛЁНЫЙ)
77: 2 (ЗЕЛЁНЫЙ)
78: 3 (ЧЕТВЁРТЫЙ)
79: 3 (ЧЕТВЁРТЫЙ)
80: 2 (ЗЕЛЁНЫЙ)
81: 0 (КРАСНЫЙ)
82: 2 (ЗЕЛЁНЫЙ)
83: 0 (КРАСНЫЙ)
84: 2 (ЗЕЛЁНЫЙ)
85: 3 (ЧЕТВЁРТЫЙ)
86: 1 (СИНИЙ)
87: 3 (ЧЕТВЁРТЫЙ)
88: 1 (СИНИЙ)
89: 2 (ЗЕЛЁНЫЙ)
90: 2 (ЗЕЛЁНЫЙ)
91: 2 (ЗЕЛЁНЫЙ)
92: 0 (КРАСНЫЙ)
93: 1 (СИНИЙ)
94: 2 (ЗЕЛЁНЫЙ)
95: 1 (СИНИЙ)
96: 1 (СИНИЙ)
97: 2 (ЗЕЛЁНЫЙ)
98: 3 (ЧЕТВЁРТЫЙ)
99: 3 (ЧЕТВЁРТЫЙ)

================================================================================
РЕЗУЛЬТАТ ПРОВЕРКИ
================================================================================
Всего рёбер: 294
Проверено рёбер: 294
Конфликты: НЕТ
OK: КОНФЛИКТОВ НЕТ! Раскраска корректна.
