Лог-файл раскраски графа
Граф: graph_100_010
Дата: 2026-09-21 10:05:26
Статус: УСПЕШНО
Время выполнения: 12.65 секунд
================================================================================

Загружен граф: 100 вершин, 294 рёбер
Имя графа: graph_100_010
Файл: graphs100\graph_100_010.json

================================================================================
ГРАФ
================================================================================
Всего вершин: 100
Всего рёбер: 294

Вершины:
0
1
2
3
4
5
6
7
8
9
10
11
12
13
14
15
16
17
18
19
20
21
22
23
24
25
26
27
28
29
30
31
32
33
34
35
36
37
38
39
40
41
42
43
44
45
46
47
48
49
50
51
52
53
54
55
56
57
58
59
60
61
62
63
64
65
66
67
68
69
70
71
72
73
74
75
76
77
78
79
80
81
82
83
84
85
86
87
88
89
90
91
92
93
94
95
96
97
98
99

Рёбра:
0 16
0 26
0 28
0 64
0 74
0 87
0 91
1 14
1 52
1 72
1 86
1 98
2 10
2 41
2 45
2 75
2 97
3 18
3 21
3 60
3 61
3 95
4 24
4 58
4 63
4 80
4 91
5 27
5 30
5 46
5 67
5 85
5 98
6 19
6 32
6 51
6 69
6 81
7 15
7 52
7 82
7 84
7 92
8 13
8 15
8 29
8 39
8 41
8 56
8 59
8 88
8 97
9 28
9 38
9 67
9 84
9 92
10 25
10 41
10 53
10 56
10 64
10 75
11 22
11 36
11 54
11 62
11 72
11 76
12 43
12 47
12 66
12 89
12 93
13 14
13 15
13 40
13 82
13 97
14 40
14 52
14 72
14 78
14 82
15 28
15 39
15 82
15 84
16 26
16 28
16 29
16 48
16 59
17 33
17 63
17 94
17 96
18 21
18 46
18 61
18 69
18 77
19 51
19 65
19 69
19 77
19 95
20 50
20 70
20 71
20 76
21 23
21 46
21 60
22 34
22 36
22 76
22 90
23 27
23 34
23 46
23 60
24 43
24 63
24 80
24 83
24 99
25 37
25 53
25 75
25 83
25 99
26 29
26 74
26 88
27 30
27 34
27 46
27 71
27 90
28 39
28 46
28 48
28 67
28 84
28 91
29 59
29 88
30 50
30 71
30 98
31 44
31 62
31 72
31 78
31 89
32 35
32 57
32 69
32 81
32 94
32 96
33 57
33 94
33 96
34 36
34 60
34 90
35 51
35 73
35 81
35 94
36 54
36 60
36 65
37 42
37 53
37 80
37 87
37 99
38 67
38 85
38 92
39 48
39 59
40 44
40 68
40 78
40 93
40 97
41 56
41 97
42 80
42 87
42 91
43 45
43 63
43 66
43 83
43 93
43 94
44 68
44 78
44 89
45 75
45 83
45 93
45 97
46 67
46 69
46 91
46 96
47 49
47 54
47 55
47 66
47 89
48 59
49 54
49 55
49 65
50 70
50 71
50 86
50 98
51 65
51 73
51 81
52 82
52 85
52 92
52 98
53 64
53 87
54 62
54 65
54 89
55 65
55 66
55 79
56 64
56 74
56 88
57 94
57 96
58 63
58 91
58 96
60 65
60 95
61 77
61 95
62 72
62 89
63 94
63 96
64 74
64 87
65 73
65 79
65 95
66 73
66 79
66 94
67 85
68 89
68 93
69 77
69 96
70 72
70 76
70 86
71 76
71 90
72 76
72 78
72 86
73 79
73 94
74 88
75 83
76 90
77 95
80 91
80 99
83 99
84 92
85 92
85 98
86 98
87 91
89 93
91 96
93 97

================================================================================
РАСКРАСКА ПО ВЕРШИНАМ
================================================================================
0: 3 (ЧЕТВЁРТЫЙ)
1: 0 (КРАСНЫЙ)
2: 0 (КРАСНЫЙ)
3: 0 (КРАСНЫЙ)
4: 3 (ЧЕТВЁРТЫЙ)
5: 0 (КРАСНЫЙ)
6: 0 (КРАСНЫЙ)
7: 0 (КРАСНЫЙ)
8: 0 (КРАСНЫЙ)
9: 0 (КРАСНЫЙ)
10: 2 (ЗЕЛЁНЫЙ)
11: 1 (СИНИЙ)
12: 1 (СИНИЙ)
13: 2 (ЗЕЛЁНЫЙ)
14: 3 (ЧЕТВЁРТЫЙ)
15: 3 (ЧЕТВЁРТЫЙ)
16: 0 (КРАСНЫЙ)
17: 0 (КРАСНЫЙ)
18: 3 (ЧЕТВЁРТЫЙ)
19: 3 (ЧЕТВЁРТЫЙ)
20: 1 (СИНИЙ)
21: 1 (СИНИЙ)
22: 0 (КРАСНЫЙ)
23: 0 (КРАСНЫЙ)
24: 0 (КРАСНЫЙ)
25: 0 (КРАСНЫЙ)
26: 1 (СИНИЙ)
27: 3 (ЧЕТВЁРТЫЙ)
28: 1 (СИНИЙ)
29: 3 (ЧЕТВЁРТЫЙ)
30: 1 (СИНИЙ)
31: 1 (СИНИЙ)
32: 2 (ЗЕЛЁНЫЙ)
33: 2 (ЗЕЛЁНЫЙ)
34: 1 (СИНИЙ)
35: 0 (КРАСНЫЙ)
36: 3 (ЧЕТВЁРТЫЙ)
37: 1 (СИНИЙ)
38: 2 (ЗЕЛЁНЫЙ)
39: 2 (ЗЕЛЁНЫЙ)
40: 1 (СИНИЙ)
41: 1 (СИНИЙ)
42: 3 (ЧЕТВЁРТЫЙ)
43: 3 (ЧЕТВЁРТЫЙ)
44: 2 (ЗЕЛЁНЫЙ)
45: 1 (СИНИЙ)
46: 2 (ЗЕЛЁНЫЙ)
47: 0 (КРАСНЫЙ)
48: 3 (ЧЕТВЁРТЫЙ)
49: 1 (СИНИЙ)
50: 2 (ЗЕЛЁНЫЙ)
51: 1 (СИНИЙ)
52: 2 (ЗЕЛЁНЫЙ)
53: 3 (ЧЕТВЁРТЫЙ)
54: 2 (ЗЕЛЁНЫЙ)
55: 3 (ЧЕТВЁРТЫЙ)
56: 3 (ЧЕТВЁРТЫЙ)
57: 0 (КРАСНЫЙ)
58: 1 (СИНИЙ)
59: 1 (СИНИЙ)
60: 2 (ЗЕЛЁНЫЙ)
61: 2 (ЗЕЛЁНЫЙ)
62: 0 (КРАСНЫЙ)
63: 2 (ЗЕЛЁНЫЙ)
64: 1 (СИНИЙ)
65: 0 (КРАСНЫЙ)
66: 2 (ЗЕЛЁНЫЙ)
67: 3 (ЧЕТВЁРТЫЙ)
68: 0 (КРАСНЫЙ)
69: 1 (СИНИЙ)
70: 0 (КРАСНЫЙ)
71: 0 (КРАСНЫЙ)
72: 2 (ЗЕЛЁНЫЙ)
73: 3 (ЧЕТВЁРТЫЙ)
74: 0 (КРАСНЫЙ)
75: 3 (ЧЕТВЁРТЫЙ)
76: 3 (ЧЕТВЁРТЫЙ)
77: 0 (КРАСНЫЙ)
78: 0 (КРАСНЫЙ)
79: 1 (СИНИЙ)
80: 2 (ЗЕЛЁНЫЙ)
81: 3 (ЧЕТВЁРТЫЙ)
82: 1 (СИНИЙ)
83: 2 (ЗЕЛЁНЫЙ)
84: 2 (ЗЕЛЁНЫЙ)
85: 1 (СИНИЙ)
86: 1 (СИНИЙ)
87: 2 (ЗЕЛЁНЫЙ)
88: 2 (ЗЕЛЁНЫЙ)
89: 3 (ЧЕТВЁРТЫЙ)
90: 2 (ЗЕЛЁНЫЙ)
91: 0 (КРАСНЫЙ)
92: 3 (ЧЕТВЁРТЫЙ)
93: 2 (ЗЕЛЁНЫЙ)
94: 1 (СИНИЙ)
95: 1 (СИНИЙ)
96: 3 (ЧЕТВЁРТЫЙ)
97: 3 (ЧЕТВЁРТЫЙ)
98: 3 (ЧЕТВЁРТЫЙ)
99: 3 (ЧЕТВЁРТЫЙ)

================================================================================
РЕЗУЛЬТАТ ПРОВЕРКИ
================================================================================
Всего рёбер: 294
Проверено рёбер: 294
Конфликты: НЕТ
OK: КОНФЛИКТОВ НЕТ! Раскраска корректна.
