Лог-файл раскраски графа
Граф: graph_100_019
Дата: 2026-09-21 10:10:07
Статус: УСПЕШНО
Время выполнения: 11.17 секунд
================================================================================

Загружен граф: 100 вершин, 294 рёбер
Имя графа: graph_100_019
Файл: graphs100\graph_100_019.json

================================================================================
ГРАФ
================================================================================
Всего вершин: 100
Всего рёбер: 294

Вершины:
0
1
2
3
4
5
6
7
8
9
10
11
12
13
14
15
16
17
18
19
20
21
22
23
24
25
26
27
28
29
30
31
32
33
34
35
36
37
38
39
40
41
42
43
44
45
46
47
48
49
50
51
52
53
54
55
56
57
58
59
60
61
62
63
64
65
66
67
68
69
70
71
72
73
74
75
76
77
78
79
80
81
82
83
84
85
86
87
88
89
90
91
92
93
94
95
96
97
98
99

Рёбра:
0 15
0 25
0 58
0 64
0 98
1 2
1 17
1 43
1 65
1 67
1 68
1 83
2 17
2 29
2 46
2 66
2 67
2 92
3 19
3 40
3 50
3 53
3 59
3 81
4 27
4 28
4 37
4 39
4 56
5 8
5 14
5 25
5 62
5 69
5 73
5 78
6 17
6 22
6 61
6 63
6 70
6 72
6 76
7 8
7 34
7 42
7 78
7 87
7 94
8 15
8 25
8 78
8 87
9 13
9 14
9 23
9 51
9 54
9 74
9 81
9 88
9 89
10 21
10 23
10 24
10 41
10 64
10 84
10 89
11 12
11 19
11 27
11 35
11 40
11 82
12 16
12 35
12 40
12 74
12 81
13 14
13 84
13 89
13 98
14 25
14 51
14 62
14 98
15 25
15 58
15 87
16 35
16 54
16 69
16 70
16 74
16 76
17 61
17 65
17 70
17 92
18 22
18 29
18 61
18 71
18 75
18 80
18 97
19 27
19 40
19 50
19 60
20 66
20 79
20 90
20 95
21 24
21 45
21 58
21 64
21 96
22 61
22 63
22 75
22 80
22 85
23 41
23 88
23 89
24 41
24 45
24 88
25 98
26 31
26 32
26 52
26 91
27 28
27 56
27 60
27 82
28 39
28 82
29 46
29 49
29 66
29 80
29 97
30 38
30 57
30 85
30 86
31 45
31 52
31 53
31 59
31 91
32 50
32 52
32 56
32 60
32 91
33 35
33 44
33 72
33 76
34 55
34 77
34 78
34 94
34 99
35 39
35 44
35 76
35 82
36 47
36 67
36 68
36 83
36 90
37 38
37 39
37 49
37 52
37 56
37 86
37 93
38 57
38 86
38 93
39 44
39 82
39 86
40 81
41 88
42 87
42 94
42 96
43 48
43 55
43 65
43 77
43 83
44 72
44 85
44 86
45 52
45 53
45 88
45 96
46 61
46 92
46 97
47 83
47 90
47 95
47 96
48 65
48 69
48 70
48 73
48 77
48 99
49 52
49 57
49 66
49 80
49 93
49 96
50 59
50 60
50 91
51 54
51 62
52 56
52 96
53 59
53 81
53 88
54 62
54 69
54 74
55 77
55 83
55 94
56 60
57 80
57 85
57 93
58 64
58 87
58 96
59 91
61 92
61 97
62 69
63 72
63 85
64 84
64 98
65 70
66 67
66 79
66 95
66 96
67 68
67 79
67 90
68 83
69 70
69 73
70 76
71 75
71 80
72 76
72 85
73 78
73 99
74 81
75 80
77 99
78 99
79 90
80 85
81 88
83 94
83 96
84 89
84 98
85 86
87 96
90 95
94 96
95 96

================================================================================
РАСКРАСКА ПО ВЕРШИНАМ
================================================================================
0: 1 (СИНИЙ)
1: 3 (ЧЕТВЁРТЫЙ)
2: 0 (КРАСНЫЙ)
3: 0 (КРАСНЫЙ)
4: 1 (СИНИЙ)
5: 3 (ЧЕТВЁРТЫЙ)
6: 0 (КРАСНЫЙ)
7: 3 (ЧЕТВЁРТЫЙ)
8: 1 (СИНИЙ)
9: 0 (КРАСНЫЙ)
10: 2 (ЗЕЛЁНЫЙ)
11: 0 (КРАСНЫЙ)
12: 1 (СИНИЙ)
13: 3 (ЧЕТВЁРТЫЙ)
14: 1 (СИНИЙ)
15: 3 (ЧЕТВЁРТЫЙ)
16: 0 (КРАСНЫЙ)
17: 1 (СИНИЙ)
18: 0 (КРАСНЫЙ)
19: 1 (СИНИЙ)
20: 3 (ЧЕТВЁРТЫЙ)
21: 1 (СИНИЙ)
22: 1 (СИНИЙ)
23: 3 (ЧЕТВЁРТЫЙ)
24: 3 (ЧЕТВЁРТЫЙ)
25: 0 (КРАСНЫЙ)
26: 2 (ЗЕЛЁНЫЙ)
27: 3 (ЧЕТВЁРТЫЙ)
28: 2 (ЗЕЛЁНЫЙ)
29: 3 (ЧЕТВЁРТЫЙ)
30: 1 (СИНИЙ)
31: 3 (ЧЕТВЁРТЫЙ)
32: 3 (ЧЕТВЁРТЫЙ)
33: 0 (КРАСНЫЙ)
34: 1 (СИНИЙ)
35: 3 (ЧЕТВЁРТЫЙ)
36: 3 (ЧЕТВЁРТЫЙ)
37: 3 (ЧЕТВЁРТЫЙ)
38: 0 (КРАСНЫЙ)
39: 0 (КРАСНЫЙ)
40: 2 (ЗЕЛЁНЫЙ)
41: 0 (КРАСНЫЙ)
42: 0 (КРАСНЫЙ)
43: 1 (СИНИЙ)
44: 1 (СИНИЙ)
45: 0 (КРАСНЫЙ)
46: 1 (СИНИЙ)
47: 2 (ЗЕЛЁНЫЙ)
48: 0 (КРАСНЫЙ)
49: 0 (КРАСНЫЙ)
50: 2 (ЗЕЛЁНЫЙ)
51: 2 (ЗЕЛЁНЫЙ)
52: 1 (СИНИЙ)
53: 2 (ЗЕЛЁНЫЙ)
54: 3 (ЧЕТВЁРТЫЙ)
55: 3 (ЧЕТВЁРТЫЙ)
56: 2 (ЗЕЛЁНЫЙ)
57: 3 (ЧЕТВЁРТЫЙ)
58: 0 (КРАСНЫЙ)
59: 1 (СИНИЙ)
60: 0 (КРАСНЫЙ)
61: 3 (ЧЕТВЁРТЫЙ)
62: 0 (КРАСНЫЙ)
63: 2 (ЗЕЛЁНЫЙ)
64: 3 (ЧЕТВЁРТЫЙ)
65: 2 (ЗЕЛЁНЫЙ)
66: 1 (СИНИЙ)
67: 2 (ЗЕЛЁНЫЙ)
68: 1 (СИНИЙ)
69: 1 (СИНИЙ)
70: 3 (ЧЕТВЁРТЫЙ)
71: 1 (СИНИЙ)
72: 3 (ЧЕТВЁРТЫЙ)
73: 2 (ЗЕЛЁНЫЙ)
74: 2 (ЗЕЛЁНЫЙ)
75: 3 (ЧЕТВЁРТЫЙ)
76: 1 (СИНИЙ)
77: 2 (ЗЕЛЁНЫЙ)
78: 0 (КРАСНЫЙ)
79: 0 (КРАСНЫЙ)
80: 2 (ЗЕЛЁНЫЙ)
81: 3 (ЧЕТВЁРТЫЙ)
82: 1 (СИНИЙ)
83: 0 (КРАСНЫЙ)
84: 0 (КРАСНЫЙ)
85: 0 (КРАСНЫЙ)
86: 2 (ЗЕЛЁНЫЙ)
87: 2 (ЗЕЛЁНЫЙ)
88: 1 (СИНИЙ)
89: 1 (СИНИЙ)
90: 1 (СИНИЙ)
91: 0 (КРАСНЫЙ)
92: 2 (ЗЕЛЁНЫЙ)
93: 1 (СИНИЙ)
94: 2 (ЗЕЛЁНЫЙ)
95: 0 (КРАСНЫЙ)
96: 3 (ЧЕТВЁРТЫЙ)
97: 2 (ЗЕЛЁНЫЙ)
98: 2 (ЗЕЛЁНЫЙ)
99: 3 (ЧЕТВЁРТЫЙ)

================================================================================
РЕЗУЛЬТАТ ПРОВЕРКИ
================================================================================
Всего рёбер: 294
Проверено рёбер: 294
Конфликты: НЕТ
OK: КОНФЛИКТОВ НЕТ! Раскраска корректна.
