Лог-файл раскраски графа
Граф: graph_100_035
Дата: 2026-09-21 10:16:36
Статус: УСПЕШНО
Время выполнения: 11.31 секунд
================================================================================

Загружен граф: 100 вершин, 294 рёбер
Имя графа: graph_100_035
Файл: graphs100\graph_100_035.json

================================================================================
ГРАФ
================================================================================
Всего вершин: 100
Всего рёбер: 294

Вершины:
0
1
2
3
4
5
6
7
8
9
10
11
12
13
14
15
16
17
18
19
20
21
22
23
24
25
26
27
28
29
30
31
32
33
34
35
36
37
38
39
40
41
42
43
44
45
46
47
48
49
50
51
52
53
54
55
56
57
58
59
60
61
62
63
64
65
66
67
68
69
70
71
72
73
74
75
76
77
78
79
80
81
82
83
84
85
86
87
88
89
90
91
92
93
94
95
96
97
98
99

Рёбра:
0 3
0 24
0 34
0 36
0 43
0 85
0 93
1 24
1 28
1 40
1 49
1 69
1 73
1 91
1 93
1 94
2 5
2 16
2 37
2 57
2 64
3 20
3 35
3 36
3 68
3 80
3 85
4 25
4 27
4 61
4 62
4 75
4 82
5 14
5 36
5 37
5 58
5 64
5 80
6 16
6 19
6 87
7 8
7 33
7 41
7 53
7 55
7 59
7 92
8 32
8 33
8 55
9 19
9 35
9 64
9 80
9 81
10 21
10 29
10 77
10 89
10 91
11 12
11 14
11 28
11 34
11 51
11 58
11 69
12 28
12 37
12 47
12 51
12 58
13 23
13 31
13 45
13 63
13 76
13 82
13 90
14 34
14 36
14 58
15 25
15 60
15 62
15 88
15 95
16 19
16 57
16 64
16 87
17 26
17 39
17 48
17 54
17 59
17 67
17 71
17 78
17 84
18 60
18 72
18 83
18 88
19 60
19 64
19 81
19 87
19 95
20 35
20 68
20 95
21 50
21 89
21 91
22 40
22 73
22 77
22 91
22 94
23 48
23 82
23 84
23 90
23 99
24 34
24 49
24 69
24 93
25 62
25 82
25 88
25 96
26 48
26 52
26 65
26 71
27 46
27 54
27 61
27 66
27 75
27 84
28 40
28 47
28 69
29 32
29 67
29 70
29 77
29 89
29 97
30 38
30 44
30 56
30 85
30 98
31 63
31 65
31 86
31 90
31 92
31 99
32 33
32 55
32 70
32 74
32 97
33 92
33 97
34 36
34 69
35 80
35 81
35 95
36 80
37 47
37 57
37 58
38 44
38 68
38 75
38 79
38 85
39 42
39 46
39 54
39 78
40 47
40 73
40 77
40 97
41 53
41 59
41 71
42 44
42 46
42 50
42 56
42 66
42 78
42 98
43 50
43 85
43 91
43 93
43 98
44 56
44 66
44 75
45 72
45 76
45 82
45 96
46 54
46 66
47 57
47 60
47 87
47 97
48 65
48 84
48 86
48 99
49 93
50 78
50 89
50 91
50 98
51 58
52 53
52 65
52 71
52 92
53 71
53 92
54 84
55 59
55 74
56 98
57 87
59 67
59 71
59 74
60 83
60 87
60 88
60 95
60 97
61 82
61 84
62 75
62 79
62 95
63 76
63 83
63 92
64 80
65 86
65 92
66 75
67 70
67 74
67 78
67 89
68 79
68 85
68 95
70 74
72 76
72 83
72 88
72 96
73 94
75 79
76 83
77 91
77 97
78 89
79 95
81 95
82 84
82 96
83 92
83 97
85 98
86 99
88 96
90 99
91 93
91 94
92 97

================================================================================
РАСКРАСКА ПО ВЕРШИНАМ
================================================================================
0: 0 (КРАСНЫЙ)
1: 3 (ЧЕТВЁРТЫЙ)
2: 2 (ЗЕЛЁНЫЙ)
3: 3 (ЧЕТВЁРТЫЙ)
4: 3 (ЧЕТВЁРТЫЙ)
5: 3 (ЧЕТВЁРТЫЙ)
6: 2 (ЗЕЛЁНЫЙ)
7: 3 (ЧЕТВЁРТЫЙ)
8: 1 (СИНИЙ)
9: 3 (ЧЕТВЁРТЫЙ)
10: 3 (ЧЕТВЁРТЫЙ)
11: 3 (ЧЕТВЁРТЫЙ)
12: 0 (КРАСНЫЙ)
13: 3 (ЧЕТВЁРТЫЙ)
14: 0 (КРАСНЫЙ)
15: 0 (КРАСНЫЙ)
16: 3 (ЧЕТВЁРТЫЙ)
17: 0 (КРАСНЫЙ)
18: 1 (СИНИЙ)
19: 0 (КРАСНЫЙ)
20: 1 (СИНИЙ)
21: 2 (ЗЕЛЁНЫЙ)
22: 3 (ЧЕТВЁРТЫЙ)
23: 1 (СИНИЙ)
24: 1 (СИНИЙ)
25: 1 (СИНИЙ)
26: 1 (СИНИЙ)
27: 1 (СИНИЙ)
28: 1 (СИНИЙ)
29: 0 (КРАСНЫЙ)
30: 0 (КРАСНЫЙ)
31: 1 (СИНИЙ)
32: 3 (ЧЕТВЁРТЫЙ)
33: 0 (КРАСНЫЙ)
34: 2 (ЗЕЛЁНЫЙ)
35: 0 (КРАСНЫЙ)
36: 1 (СИНИЙ)
37: 1 (СИНИЙ)
38: 3 (ЧЕТВЁРТЫЙ)
39: 1 (СИНИЙ)
40: 0 (КРАСНЫЙ)
41: 0 (КРАСНЫЙ)
42: 3 (ЧЕТВЁРТЫЙ)
43: 3 (ЧЕТВЁРТЫЙ)
44: 1 (СИНИЙ)
45: 1 (СИНИЙ)
46: 0 (КРАСНЫЙ)
47: 3 (ЧЕТВЁРТЫЙ)
48: 2 (ЗЕЛЁНЫЙ)
49: 0 (КРАСНЫЙ)
50: 0 (КРАСНЫЙ)
51: 1 (СИНИЙ)
52: 0 (КРАСНЫЙ)
53: 1 (СИНИЙ)
54: 2 (ЗЕЛЁНЫЙ)
55: 0 (КРАСНЫЙ)
56: 2 (ЗЕЛЁНЫЙ)
57: 0 (КРАСНЫЙ)
58: 2 (ЗЕЛЁНЫЙ)
59: 1 (СИНИЙ)
60: 2 (ЗЕЛЁНЫЙ)
61: 2 (ЗЕЛЁНЫЙ)
62: 2 (ЗЕЛЁНЫЙ)
63: 0 (КРАСНЫЙ)
64: 1 (СИНИЙ)
65: 3 (ЧЕТВЁРТЫЙ)
66: 2 (ЗЕЛЁНЫЙ)
67: 3 (ЧЕТВЁРТЫЙ)
68: 0 (КРАСНЫЙ)
69: 0 (КРАСНЫЙ)
70: 1 (СИНИЙ)
71: 3 (ЧЕТВЁРТЫЙ)
72: 0 (КРАСНЫЙ)
73: 1 (СИНИЙ)
74: 2 (ЗЕЛЁНЫЙ)
75: 0 (КРАСНЫЙ)
76: 2 (ЗЕЛЁНЫЙ)
77: 2 (ЗЕЛЁНЫЙ)
78: 2 (ЗЕЛЁНЫЙ)
79: 1 (СИНИЙ)
80: 2 (ЗЕЛЁНЫЙ)
81: 1 (СИНИЙ)
82: 0 (КРАСНЫЙ)
83: 3 (ЧЕТВЁРТЫЙ)
84: 3 (ЧЕТВЁРТЫЙ)
85: 2 (ЗЕЛЁНЫЙ)
86: 0 (КРАСНЫЙ)
87: 1 (СИНИЙ)
88: 3 (ЧЕТВЁРТЫЙ)
89: 1 (СИНИЙ)
90: 0 (КРАСНЫЙ)
91: 1 (СИНИЙ)
92: 2 (ЗЕЛЁНЫЙ)
93: 2 (ЗЕЛЁНЫЙ)
94: 0 (КРАСНЫЙ)
95: 3 (ЧЕТВЁРТЫЙ)
96: 2 (ЗЕЛЁНЫЙ)
97: 1 (СИНИЙ)
98: 1 (СИНИЙ)
99: 3 (ЧЕТВЁРТЫЙ)

================================================================================
РЕЗУЛЬТАТ ПРОВЕРКИ
================================================================================
Всего рёбер: 294
Проверено рёбер: 294
Конфликты: НЕТ
OK: КОНФЛИКТОВ НЕТ! Раскраска корректна.
