Лог-файл раскраски графа
Граф: graph_100_013
Дата: 2026-09-21 10:08:51
Статус: УСПЕШНО
Время выполнения: 12.90 секунд
================================================================================

Загружен граф: 100 вершин, 294 рёбер
Имя графа: graph_100_013
Файл: graphs100\graph_100_013.json

================================================================================
ГРАФ
================================================================================
Всего вершин: 100
Всего рёбер: 294

Вершины:
0
1
2
3
4
5
6
7
8
9
10
11
12
13
14
15
16
17
18
19
20
21
22
23
24
25
26
27
28
29
30
31
32
33
34
35
36
37
38
39
40
41
42
43
44
45
46
47
48
49
50
51
52
53
54
55
56
57
58
59
60
61
62
63
64
65
66
67
68
69
70
71
72
73
74
75
76
77
78
79
80
81
82
83
84
85
86
87
88
89
90
91
92
93
94
95
96
97
98
99

Рёбра:
0 19
0 52
0 55
0 59
0 80
1 34
1 50
1 82
1 86
1 93
2 10
2 28
2 34
2 36
2 40
2 44
2 47
2 68
2 84
3 4
3 13
3 17
3 33
3 60
3 67
4 13
4 25
4 39
4 49
4 67
4 98
5 9
5 18
5 48
5 92
6 41
6 62
6 86
6 97
7 20
7 23
7 33
7 69
7 90
8 38
8 43
8 51
8 78
8 92
8 94
9 14
9 18
9 70
9 92
10 21
10 36
10 47
10 91
11 17
11 37
11 69
11 86
11 96
12 18
12 46
12 54
12 57
12 79
13 60
13 82
13 93
13 98
14 18
14 41
14 62
14 70
14 86
14 87
15 24
15 44
15 63
15 71
16 19
16 25
16 31
16 39
16 49
16 61
16 65
17 33
17 50
17 60
17 69
17 86
18 48
18 56
18 57
18 79
18 86
19 31
19 53
19 59
19 65
19 76
19 80
20 58
20 69
20 81
20 90
20 96
21 36
21 52
21 91
22 35
22 43
22 51
22 72
22 76
22 77
22 88
23 33
23 39
23 78
23 90
24 55
24 63
24 71
24 83
25 31
25 45
25 49
25 85
25 98
26 46
26 66
26 79
27 42
27 54
27 57
27 74
27 95
27 99
28 45
28 68
28 84
28 98
29 58
29 70
29 78
29 89
29 90
29 94
30 35
30 53
30 57
30 71
30 75
30 76
31 36
31 40
31 80
31 85
32 38
32 42
32 56
32 79
33 39
33 67
33 69
34 44
34 68
34 82
34 86
35 57
35 72
35 76
36 40
36 52
36 80
37 64
37 81
37 86
37 96
37 97
38 42
38 48
38 51
38 56
38 92
39 49
39 61
39 67
39 78
40 84
40 85
41 62
41 81
41 87
41 97
42 51
42 54
42 66
42 73
42 79
42 95
43 51
43 61
43 77
43 78
44 47
44 63
44 71
44 86
44 91
45 84
45 85
45 98
46 54
46 66
46 79
47 91
48 56
48 92
50 60
50 86
50 93
51 73
51 88
51 95
52 55
52 63
52 80
52 91
53 55
53 59
53 75
53 76
53 83
54 57
54 66
55 59
55 63
55 83
56 79
57 71
57 72
57 74
57 86
58 81
58 87
58 89
58 90
60 93
61 65
61 77
61 78
62 86
63 91
64 81
64 97
65 76
65 77
66 79
68 82
68 98
69 96
70 87
70 89
70 92
70 94
71 75
71 83
71 86
72 74
72 88
73 95
74 88
74 99
75 83
76 77
78 90
78 94
81 87
81 96
81 97
82 93
82 98
84 85
86 97
87 89
88 95
88 99
92 94
95 99

================================================================================
РАСКРАСКА ПО ВЕРШИНАМ
================================================================================
0: 1 (СИНИЙ)
1: 0 (КРАСНЫЙ)
2: 0 (КРАСНЫЙ)
3: 1 (СИНИЙ)
4: 3 (ЧЕТВЁРТЫЙ)
5: 3 (ЧЕТВЁРТЫЙ)
6: 3 (ЧЕТВЁРТЫЙ)
7: 1 (СИНИЙ)
8: 3 (ЧЕТВЁРТЫЙ)
9: 0 (КРАСНЫЙ)
10: 2 (ЗЕЛЁНЫЙ)
11: 3 (ЧЕТВЁРТЫЙ)
12: 0 (КРАСНЫЙ)
13: 0 (КРАСНЫЙ)
14: 3 (ЧЕТВЁРТЫЙ)
15: 0 (КРАСНЫЙ)
16: 0 (КРАСНЫЙ)
17: 0 (КРАСНЫЙ)
18: 1 (СИНИЙ)
19: 3 (ЧЕТВЁРТЫЙ)
20: 0 (КРАСНЫЙ)
21: 1 (СИНИЙ)
22: 3 (ЧЕТВЁРТЫЙ)
23: 0 (КРАСНЫЙ)
24: 2 (ЗЕЛЁНЫЙ)
25: 2 (ЗЕЛЁНЫЙ)
26: 1 (СИНИЙ)
27: 0 (КРАСНЫЙ)
28: 3 (ЧЕТВЁРТЫЙ)
29: 3 (ЧЕТВЁРТЫЙ)
30: 0 (КРАСНЫЙ)
31: 1 (СИНИЙ)
32: 0 (КРАСНЫЙ)
33: 3 (ЧЕТВЁРТЫЙ)
34: 1 (СИНИЙ)
35: 1 (СИНИЙ)
36: 3 (ЧЕТВЁРТЫЙ)
37: 0 (КРАСНЫЙ)
38: 1 (СИНИЙ)
39: 2 (ЗЕЛЁНЫЙ)
40: 2 (ЗЕЛЁНЫЙ)
41: 2 (ЗЕЛЁНЫЙ)
42: 3 (ЧЕТВЁРТЫЙ)
43: 2 (ЗЕЛЁНЫЙ)
44: 3 (ЧЕТВЁРТЫЙ)
45: 0 (КРАСНЫЙ)
46: 3 (ЧЕТВЁРТЫЙ)
47: 1 (СИНИЙ)
48: 0 (КРАСНЫЙ)
49: 1 (СИНИЙ)
50: 3 (ЧЕТВЁРТЫЙ)
51: 0 (КРАСНЫЙ)
52: 2 (ЗЕЛЁНЫЙ)
53: 1 (СИНИЙ)
54: 1 (СИНИЙ)
55: 3 (ЧЕТВЁРТЫЙ)
56: 3 (ЧЕТВЁРТЫЙ)
57: 3 (ЧЕТВЁРТЫЙ)
58: 1 (СИНИЙ)
59: 0 (КРАСНЫЙ)
60: 2 (ЗЕЛЁНЫЙ)
61: 3 (ЧЕТВЁРТЫЙ)
62: 0 (КРАСНЫЙ)
63: 1 (СИНИЙ)
64: 2 (ЗЕЛЁНЫЙ)
65: 1 (СИНИЙ)
66: 0 (КРАСНЫЙ)
67: 0 (КРАСНЫЙ)
68: 2 (ЗЕЛЁНЫЙ)
69: 2 (ЗЕЛЁНЫЙ)
70: 1 (СИНИЙ)
71: 1 (СИНИЙ)
72: 0 (КРАСНЫЙ)
73: 1 (СИНИЙ)
74: 2 (ЗЕЛЁНЫЙ)
75: 3 (ЧЕТВЁРТЫЙ)
76: 2 (ЗЕЛЁНЫЙ)
77: 0 (КРАСНЫЙ)
78: 1 (СИНИЙ)
79: 2 (ЗЕЛЁНЫЙ)
80: 0 (КРАСНЫЙ)
81: 3 (ЧЕТВЁРТЫЙ)
82: 3 (ЧЕТВЁРТЫЙ)
83: 0 (КРАСНЫЙ)
84: 1 (СИНИЙ)
85: 3 (ЧЕТВЁРТЫЙ)
86: 2 (ЗЕЛЁНЫЙ)
87: 0 (КРАСНЫЙ)
88: 1 (СИНИЙ)
89: 2 (ЗЕЛЁНЫЙ)
90: 2 (ЗЕЛЁНЫЙ)
91: 0 (КРАСНЫЙ)
92: 2 (ЗЕЛЁНЫЙ)
93: 1 (СИНИЙ)
94: 0 (КРАСНЫЙ)
95: 2 (ЗЕЛЁНЫЙ)
96: 1 (СИНИЙ)
97: 1 (СИНИЙ)
98: 1 (СИНИЙ)
99: 3 (ЧЕТВЁРТЫЙ)

================================================================================
РЕЗУЛЬТАТ ПРОВЕРКИ
================================================================================
Всего рёбер: 294
Проверено рёбер: 294
Конфликты: НЕТ
OK: КОНФЛИКТОВ НЕТ! Раскраска корректна.
