Лог-файл раскраски графа
Граф: graph_100_082
Дата: 2026-09-21 10:32:01
Статус: УСПЕШНО
Время выполнения: 11.53 секунд
================================================================================

Загружен граф: 100 вершин, 294 рёбер
Имя графа: graph_100_082
Файл: graphs100\graph_100_082.json

================================================================================
ГРАФ
================================================================================
Всего вершин: 100
Всего рёбер: 294

Вершины:
0
1
2
3
4
5
6
7
8
9
10
11
12
13
14
15
16
17
18
19
20
21
22
23
24
25
26
27
28
29
30
31
32
33
34
35
36
37
38
39
40
41
42
43
44
45
46
47
48
49
50
51
52
53
54
55
56
57
58
59
60
61
62
63
64
65
66
67
68
69
70
71
72
73
74
75
76
77
78
79
80
81
82
83
84
85
86
87
88
89
90
91
92
93
94
95
96
97
98
99

Рёбра:
0 27
0 67
0 72
0 76
0 88
1 5
1 48
1 50
1 60
1 63
1 83
2 15
2 34
2 46
2 60
2 66
2 91
3 19
3 43
3 56
3 71
3 89
3 98
4 17
4 20
4 30
4 59
4 77
5 8
5 49
5 63
5 75
5 83
5 85
6 34
6 47
6 48
6 66
6 86
6 93
7 15
7 31
7 33
7 67
7 81
8 29
8 49
8 51
8 84
8 85
8 97
9 12
9 22
9 24
9 30
9 59
9 61
10 23
10 29
10 37
10 78
10 84
10 90
11 17
11 25
11 32
11 38
11 52
12 13
12 20
12 22
12 30
12 62
12 68
12 80
12 98
13 62
13 80
13 96
14 41
14 62
14 87
14 96
15 33
15 46
15 81
15 91
16 19
16 28
16 37
16 45
16 58
16 82
17 24
17 38
17 52
17 59
17 61
17 77
18 26
18 33
18 53
18 67
18 88
18 91
18 93
19 28
19 37
19 43
19 68
19 95
19 98
20 30
20 42
20 44
20 77
20 80
20 92
21 39
21 40
21 57
21 87
21 97
21 99
22 25
22 32
22 38
22 61
22 69
22 93
22 98
23 78
23 90
24 59
24 61
25 32
25 52
25 55
25 69
25 72
25 74
26 53
26 69
26 93
27 72
27 73
27 75
27 76
28 57
28 82
28 95
28 99
29 37
29 45
29 58
29 84
29 97
30 59
31 65
31 67
31 76
31 81
32 38
33 67
33 91
34 48
34 60
34 66
35 36
35 54
35 70
35 92
35 94
36 52
36 54
36 55
36 94
37 43
37 45
37 90
38 61
39 44
39 79
39 80
39 87
39 96
39 97
40 58
40 82
40 97
40 99
41 57
41 62
41 68
41 87
41 95
42 54
42 77
42 92
43 71
43 78
43 89
43 90
44 70
44 79
44 80
44 92
45 58
46 60
46 63
46 65
46 81
47 48
47 50
47 56
47 64
47 86
48 50
48 60
49 83
49 84
50 56
50 78
50 83
50 89
51 70
51 75
51 79
51 85
51 97
52 54
52 55
52 77
53 69
53 74
53 88
54 77
54 92
55 72
55 73
55 94
56 64
56 89
56 98
57 87
57 95
57 99
58 82
58 97
60 63
62 68
62 96
63 65
63 75
64 86
64 98
65 75
65 76
65 81
66 91
66 93
67 76
67 88
68 95
68 98
69 74
69 93
70 75
70 79
70 92
70 94
71 89
72 73
72 74
72 88
73 75
73 94
74 88
75 76
75 85
75 94
78 83
78 84
78 89
78 90
79 97
80 96
82 99
83 84
86 93
86 98
87 96
91 93
93 98

================================================================================
РАСКРАСКА ПО ВЕРШИНАМ
================================================================================
0: 0 (КРАСНЫЙ)
1: 1 (СИНИЙ)
2: 2 (ЗЕЛЁНЫЙ)
3: 1 (СИНИЙ)
4: 1 (СИНИЙ)
5: 3 (ЧЕТВЁРТЫЙ)
6: 3 (ЧЕТВЁРТЫЙ)
7: 0 (КРАСНЫЙ)
8: 0 (КРАСНЫЙ)
9: 3 (ЧЕТВЁРТЫЙ)
10: 3 (ЧЕТВЁРТЫЙ)
11: 0 (КРАСНЫЙ)
12: 1 (СИНИЙ)
13: 0 (КРАСНЫЙ)
14: 0 (КРАСНЫЙ)
15: 3 (ЧЕТВЁРТЫЙ)
16: 3 (ЧЕТВЁРТЫЙ)
17: 3 (ЧЕТВЁРТЫЙ)
18: 0 (КРАСНЫЙ)
19: 2 (ЗЕЛЁНЫЙ)
20: 2 (ЗЕЛЁНЫЙ)
21: 0 (КРАСНЫЙ)
22: 0 (КРАСНЫЙ)
23: 0 (КРАСНЫЙ)
24: 0 (КРАСНЫЙ)
25: 1 (СИНИЙ)
26: 1 (СИНИЙ)
27: 3 (ЧЕТВЁРТЫЙ)
28: 0 (КРАСНЫЙ)
29: 1 (СИНИЙ)
30: 0 (КРАСНЫЙ)
31: 1 (СИНИЙ)
32: 3 (ЧЕТВЁРТЫЙ)
33: 2 (ЗЕЛЁНЫЙ)
34: 1 (СИНИЙ)
35: 1 (СИНИЙ)
36: 0 (КРАСНЫЙ)
37: 0 (КРАСНЫЙ)
38: 1 (СИНИЙ)
39: 2 (ЗЕЛЁНЫЙ)
40: 1 (СИНИЙ)
41: 1 (СИНИЙ)
42: 1 (СИНИЙ)
43: 3 (ЧЕТВЁРТЫЙ)
44: 1 (СИНИЙ)
45: 2 (ЗЕЛЁНЫЙ)
46: 0 (КРАСНЫЙ)
47: 1 (СИНИЙ)
48: 0 (КРАСНЫЙ)
49: 1 (СИНИЙ)
50: 3 (ЧЕТВЁРТЫЙ)
51: 1 (СИНИЙ)
52: 2 (ЗЕЛЁНЫЙ)
53: 2 (ЗЕЛЁНЫЙ)
54: 3 (ЧЕТВЁРТЫЙ)
55: 3 (ЧЕТВЁРТЫЙ)
56: 0 (КРАСНЫЙ)
57: 2 (ЗЕЛЁНЫЙ)
58: 0 (КРАСНЫЙ)
59: 2 (ЗЕЛЁНЫЙ)
60: 3 (ЧЕТВЁРТЫЙ)
61: 2 (ЗЕЛЁНЫЙ)
62: 3 (ЧЕТВЁРТЫЙ)
63: 2 (ЗЕЛЁНЫЙ)
64: 2 (ЗЕЛЁНЫЙ)
65: 3 (ЧЕТВЁРТЫЙ)
66: 0 (КРАСНЫЙ)
67: 3 (ЧЕТВЁРТЫЙ)
68: 0 (КРАСНЫЙ)
69: 3 (ЧЕТВЁРТЫЙ)
70: 3 (ЧЕТВЁРТЫЙ)
71: 0 (КРАСНЫЙ)
72: 2 (ЗЕЛЁНЫЙ)
73: 1 (СИНИЙ)
74: 0 (КРАСНЫЙ)
75: 0 (КРАСНЫЙ)
76: 2 (ЗЕЛЁНЫЙ)
77: 0 (КРАСНЫЙ)
78: 1 (СИНИЙ)
79: 0 (КРАСНЫЙ)
80: 3 (ЧЕТВЁРТЫЙ)
81: 2 (ЗЕЛЁНЫЙ)
82: 2 (ЗЕЛЁНЫЙ)
83: 0 (КРАСНЫЙ)
84: 2 (ЗЕЛЁНЫЙ)
85: 2 (ЗЕЛЁНЫЙ)
86: 0 (КРАСНЫЙ)
87: 3 (ЧЕТВЁРТЫЙ)
88: 1 (СИНИЙ)
89: 2 (ЗЕЛЁНЫЙ)
90: 2 (ЗЕЛЁНЫЙ)
91: 1 (СИНИЙ)
92: 0 (КРАСНЫЙ)
93: 2 (ЗЕЛЁНЫЙ)
94: 2 (ЗЕЛЁНЫЙ)
95: 3 (ЧЕТВЁРТЫЙ)
96: 1 (СИНИЙ)
97: 3 (ЧЕТВЁРТЫЙ)
98: 3 (ЧЕТВЁРТЫЙ)
99: 3 (ЧЕТВЁРТЫЙ)

================================================================================
РЕЗУЛЬТАТ ПРОВЕРКИ
================================================================================
Всего рёбер: 294
Проверено рёбер: 294
Конфликты: НЕТ
OK: КОНФЛИКТОВ НЕТ! Раскраска корректна.
