Лог-файл раскраски графа
Граф: graph_100_059
Дата: 2026-09-21 10:23:17
Статус: УСПЕШНО
Время выполнения: 11.25 секунд
================================================================================

Загружен граф: 100 вершин, 294 рёбер
Имя графа: graph_100_059
Файл: graphs100\graph_100_059.json

================================================================================
ГРАФ
================================================================================
Всего вершин: 100
Всего рёбер: 294

Вершины:
0
1
2
3
4
5
6
7
8
9
10
11
12
13
14
15
16
17
18
19
20
21
22
23
24
25
26
27
28
29
30
31
32
33
34
35
36
37
38
39
40
41
42
43
44
45
46
47
48
49
50
51
52
53
54
55
56
57
58
59
60
61
62
63
64
65
66
67
68
69
70
71
72
73
74
75
76
77
78
79
80
81
82
83
84
85
86
87
88
89
90
91
92
93
94
95
96
97
98
99

Рёбра:
0 1
0 16
0 53
0 60
0 75
0 82
0 90
1 53
1 62
1 90
2 5
2 14
2 19
2 22
2 24
2 57
2 72
3 4
3 26
3 46
3 50
3 74
3 79
3 87
3 99
4 36
4 46
4 99
5 19
5 24
5 45
5 47
6 31
6 51
6 69
6 78
6 87
6 94
7 25
7 54
7 81
7 85
8 9
8 50
8 56
8 79
8 95
9 55
9 56
9 79
9 85
9 97
10 13
10 24
10 27
10 33
10 82
10 90
10 98
11 29
11 30
11 48
11 88
11 92
12 20
12 35
12 43
12 52
12 64
12 86
13 24
13 33
13 45
13 80
14 22
14 41
14 57
14 58
14 70
14 81
15 17
15 26
15 37
15 42
15 71
15 74
16 27
16 32
16 33
16 60
16 75
16 77
16 80
17 37
17 51
17 63
17 73
17 74
18 32
18 60
18 66
18 67
18 77
19 22
19 47
19 73
19 78
20 35
20 38
20 86
20 92
21 34
21 39
21 44
21 49
21 83
22 41
22 69
22 78
22 94
23 59
23 63
23 76
23 84
23 96
24 45
24 72
24 90
25 41
25 55
25 81
25 85
26 40
26 42
26 46
26 52
26 74
26 88
27 33
27 75
27 98
28 45
28 59
28 61
28 66
28 67
28 76
28 83
29 30
29 36
29 88
29 95
30 38
30 92
30 95
31 55
31 79
31 87
31 94
32 60
32 77
33 80
34 44
34 49
34 64
34 71
34 96
35 48
35 52
35 92
36 40
36 46
36 50
36 88
36 95
36 99
37 63
37 71
37 96
38 86
38 92
38 95
39 44
39 83
39 89
39 93
40 46
40 88
41 55
41 81
41 94
42 43
42 52
42 71
43 52
43 64
43 71
44 64
44 86
44 93
45 47
45 66
45 76
45 80
47 73
47 76
47 84
48 52
48 88
48 92
49 59
49 83
49 96
50 79
50 95
50 99
51 73
51 74
51 78
51 87
52 88
53 54
53 60
53 62
53 68
53 86
53 93
53 97
54 68
54 81
54 85
54 97
55 79
55 85
55 94
56 95
56 97
57 58
57 70
57 72
58 70
59 76
59 83
59 96
60 61
60 67
60 89
60 93
61 67
61 83
61 89
62 68
62 90
62 91
63 73
63 84
63 96
64 71
64 86
65 68
65 70
65 72
65 91
66 67
66 77
66 80
68 70
68 81
68 91
69 78
69 94
70 72
70 81
71 96
72 90
72 91
73 78
73 84
74 87
75 82
75 98
76 84
77 80
79 87
82 90
82 98
83 89
85 97
86 93
86 95
86 97
89 93
90 91
95 97

================================================================================
РАСКРАСКА ПО ВЕРШИНАМ
================================================================================
0: 0 (КРАСНЫЙ)
1: 1 (СИНИЙ)
2: 0 (КРАСНЫЙ)
3: 0 (КРАСНЫЙ)
4: 1 (СИНИЙ)
5: 3 (ЧЕТВЁРТЫЙ)
6: 3 (ЧЕТВЁРТЫЙ)
7: 1 (СИНИЙ)
8: 2 (ЗЕЛЁНЫЙ)
9: 0 (КРАСНЫЙ)
10: 0 (КРАСНЫЙ)
11: 0 (КРАСНЫЙ)
12: 3 (ЧЕТВЁРТЫЙ)
13: 3 (ЧЕТВЁРТЫЙ)
14: 1 (СИНИЙ)
15: 0 (КРАСНЫЙ)
16: 3 (ЧЕТВЁРТЫЙ)
17: 1 (СИНИЙ)
18: 0 (КРАСНЫЙ)
19: 2 (ЗЕЛЁНЫЙ)
20: 0 (КРАСНЫЙ)
21: 0 (КРАСНЫЙ)
22: 3 (ЧЕТВЁРТЫЙ)
23: 1 (СИНИЙ)
24: 1 (СИНИЙ)
25: 2 (ЗЕЛЁНЫЙ)
26: 1 (СИНИЙ)
27: 1 (СИНИЙ)
28: 1 (СИНИЙ)
29: 2 (ЗЕЛЁНЫЙ)
30: 1 (СИНИЙ)
31: 0 (КРАСНЫЙ)
32: 2 (ЗЕЛЁНЫЙ)
33: 2 (ЗЕЛЁНЫЙ)
34: 3 (ЧЕТВЁРТЫЙ)
35: 1 (СИНИЙ)
36: 0 (КРАСНЫЙ)
37: 3 (ЧЕТВЁРТЫЙ)
38: 2 (ЗЕЛЁНЫЙ)
39: 1 (СИНИЙ)
40: 2 (ЗЕЛЁНЫЙ)
41: 0 (КРАСНЫЙ)
42: 3 (ЧЕТВЁРТЫЙ)
43: 1 (СИНИЙ)
44: 2 (ЗЕЛЁНЫЙ)
45: 2 (ЗЕЛЁНЫЙ)
46: 3 (ЧЕТВЁРТЫЙ)
47: 1 (СИНИЙ)
48: 2 (ЗЕЛЁНЫЙ)
49: 1 (СИНИЙ)
50: 1 (СИНИЙ)
51: 0 (КРАСНЫЙ)
52: 0 (КРАСНЫЙ)
53: 3 (ЧЕТВЁРТЫЙ)
54: 0 (КРАСНЫЙ)
55: 1 (СИНИЙ)
56: 1 (СИНИЙ)
57: 3 (ЧЕТВЁРТЫЙ)
58: 2 (ЗЕЛЁНЫЙ)
59: 2 (ЗЕЛЁНЫЙ)
60: 1 (СИНИЙ)
61: 0 (КРАСНЫЙ)
62: 2 (ЗЕЛЁНЫЙ)
63: 2 (ЗЕЛЁНЫЙ)
64: 0 (КРАСНЫЙ)
65: 3 (ЧЕТВЁРТЫЙ)
66: 3 (ЧЕТВЁРТЫЙ)
67: 2 (ЗЕЛЁНЫЙ)
68: 1 (СИНИЙ)
69: 0 (КРАСНЫЙ)
70: 0 (КРАСНЫЙ)
71: 2 (ЗЕЛЁНЫЙ)
72: 2 (ЗЕЛЁНЫЙ)
73: 3 (ЧЕТВЁРТЫЙ)
74: 3 (ЧЕТВЁРТЫЙ)
75: 2 (ЗЕЛЁНЫЙ)
76: 3 (ЧЕТВЁРТЫЙ)
77: 1 (СИНИЙ)
78: 1 (СИНИЙ)
79: 3 (ЧЕТВЁРТЫЙ)
80: 0 (КРАСНЫЙ)
81: 3 (ЧЕТВЁРТЫЙ)
82: 1 (СИНИЙ)
83: 3 (ЧЕТВЁРТЫЙ)
84: 0 (КРАСНЫЙ)
85: 3 (ЧЕТВЁРТЫЙ)
86: 1 (СИНИЙ)
87: 1 (СИНИЙ)
88: 3 (ЧЕТВЁРТЫЙ)
89: 2 (ЗЕЛЁНЫЙ)
90: 3 (ЧЕТВЁРТЫЙ)
91: 0 (КРАСНЫЙ)
92: 3 (ЧЕТВЁРТЫЙ)
93: 0 (КРАСНЫЙ)
94: 2 (ЗЕЛЁНЫЙ)
95: 3 (ЧЕТВЁРТЫЙ)
96: 0 (КРАСНЫЙ)
97: 2 (ЗЕЛЁНЫЙ)
98: 3 (ЧЕТВЁРТЫЙ)
99: 3 (ЧЕТВЁРТЫЙ)

================================================================================
РЕЗУЛЬТАТ ПРОВЕРКИ
================================================================================
Всего рёбер: 294
Проверено рёбер: 294
Конфликты: НЕТ
OK: КОНФЛИКТОВ НЕТ! Раскраска корректна.
