Лог-файл раскраски графа
Граф: graph_100_061
Дата: 2026-09-21 10:23:40
Статус: УСПЕШНО
Время выполнения: 11.78 секунд
================================================================================

Загружен граф: 100 вершин, 294 рёбер
Имя графа: graph_100_061
Файл: graphs100\graph_100_061.json

================================================================================
ГРАФ
================================================================================
Всего вершин: 100
Всего рёбер: 294

Вершины:
0
1
2
3
4
5
6
7
8
9
10
11
12
13
14
15
16
17
18
19
20
21
22
23
24
25
26
27
28
29
30
31
32
33
34
35
36
37
38
39
40
41
42
43
44
45
46
47
48
49
50
51
52
53
54
55
56
57
58
59
60
61
62
63
64
65
66
67
68
69
70
71
72
73
74
75
76
77
78
79
80
81
82
83
84
85
86
87
88
89
90
91
92
93
94
95
96
97
98
99

Рёбра:
0 8
0 10
0 21
0 31
0 44
0 51
0 60
0 65
0 76
0 88
1 6
1 16
1 48
1 63
1 68
1 86
2 10
2 31
2 42
2 51
2 76
2 83
2 88
3 15
3 45
3 48
4 18
4 54
4 57
4 70
4 78
4 97
5 13
5 24
5 29
5 30
5 54
5 82
5 93
6 16
6 55
6 86
7 46
7 56
7 61
7 75
7 89
7 92
8 10
8 47
8 65
8 84
9 24
9 25
9 35
9 81
9 93
10 83
10 84
10 88
11 27
11 38
11 97
11 99
12 32
12 61
12 77
12 87
12 90
12 92
13 24
13 54
13 71
14 26
14 28
14 73
14 78
14 83
14 98
15 45
15 48
15 68
15 94
16 55
16 62
16 68
17 29
17 42
17 50
18 38
18 54
18 59
18 64
18 71
18 97
19 59
19 64
19 71
19 89
19 90
20 41
20 58
20 75
20 77
20 85
20 91
21 36
21 44
21 65
21 96
22 26
22 57
22 70
22 82
22 98
23 33
23 53
23 63
23 86
24 35
24 71
24 80
24 93
24 95
25 29
25 39
25 42
25 81
25 93
26 70
26 78
26 98
27 34
27 36
27 40
27 43
27 97
27 99
28 34
28 52
28 69
28 78
28 79
28 83
29 42
29 50
29 82
29 93
29 98
30 54
30 57
30 82
31 51
31 76
32 38
32 43
32 53
32 63
32 87
32 90
33 53
33 72
33 86
34 40
34 52
34 78
34 97
35 66
35 80
35 81
36 40
36 43
36 53
36 65
36 96
37 58
37 67
37 91
38 43
38 64
38 90
38 97
38 99
39 42
39 56
39 66
39 75
39 80
39 81
40 47
40 52
40 65
41 46
41 75
41 77
41 92
42 50
42 51
42 74
42 75
42 83
43 53
43 99
44 55
44 60
44 96
45 48
45 67
45 87
45 94
46 75
46 92
47 52
47 65
47 69
47 79
47 84
48 63
48 68
48 87
49 85
49 91
49 94
50 73
50 74
50 98
51 60
51 62
51 68
51 75
51 94
52 69
53 63
53 72
53 96
54 57
54 71
55 60
55 62
55 72
55 86
55 96
56 75
56 80
56 89
56 95
57 70
57 82
58 67
58 77
58 87
58 91
59 64
59 71
60 62
61 89
61 90
61 92
62 68
63 86
63 87
64 90
66 80
66 81
67 87
67 91
67 94
68 94
69 79
70 78
71 89
71 95
72 86
72 96
73 74
73 83
73 98
74 83
75 85
75 94
76 88
77 87
77 92
78 97
79 83
79 84
80 95
82 98
83 84
85 91
85 94
89 90
89 95
91 94

================================================================================
РАСКРАСКА ПО ВЕРШИНАМ
================================================================================
0: 3 (ЧЕТВЁРТЫЙ)
1: 3 (ЧЕТВЁРТЫЙ)
2: 3 (ЧЕТВЁРТЫЙ)
3: 2 (ЗЕЛЁНЫЙ)
4: 0 (КРАСНЫЙ)
5: 3 (ЧЕТВЁРТЫЙ)
6: 2 (ЗЕЛЁНЫЙ)
7: 0 (КРАСНЫЙ)
8: 0 (КРАСНЫЙ)
9: 2 (ЗЕЛЁНЫЙ)
10: 1 (СИНИЙ)
11: 1 (СИНИЙ)
12: 0 (КРАСНЫЙ)
13: 0 (КРАСНЫЙ)
14: 1 (СИНИЙ)
15: 1 (СИНИЙ)
16: 1 (СИНИЙ)
17: 3 (ЧЕТВЁРТЫЙ)
18: 1 (СИНИЙ)
19: 0 (КРАСНЫЙ)
20: 1 (СИНИЙ)
21: 0 (КРАСНЫЙ)
22: 2 (ЗЕЛЁНЫЙ)
23: 3 (ЧЕТВЁРТЫЙ)
24: 1 (СИНИЙ)
25: 3 (ЧЕТВЁРТЫЙ)
26: 0 (КРАСНЫЙ)
27: 0 (КРАСНЫЙ)
28: 3 (ЧЕТВЁРТЫЙ)
29: 1 (СИНИЙ)
30: 1 (СИНИЙ)
31: 0 (КРАСНЫЙ)
32: 3 (ЧЕТВЁРТЫЙ)
33: 2 (ЗЕЛЁНЫЙ)
34: 1 (СИНИЙ)
35: 0 (КРАСНЫЙ)
36: 3 (ЧЕТВЁРТЫЙ)
37: 2 (ЗЕЛЁНЫЙ)
38: 0 (КРАСНЫЙ)
39: 0 (КРАСНЫЙ)
40: 2 (ЗЕЛЁНЫЙ)
41: 0 (КРАСНЫЙ)
42: 2 (ЗЕЛЁНЫЙ)
43: 1 (СИНИЙ)
44: 1 (СИНИЙ)
45: 3 (ЧЕТВЁРТЫЙ)
46: 2 (ЗЕЛЁНЫЙ)
47: 3 (ЧЕТВЁРТЫЙ)
48: 0 (КРАСНЫЙ)
49: 1 (СИНИЙ)
50: 0 (КРАСНЫЙ)
51: 1 (СИНИЙ)
52: 0 (КРАСНЫЙ)
53: 0 (КРАСНЫЙ)
54: 2 (ЗЕЛЁНЫЙ)
55: 3 (ЧЕТВЁРТЫЙ)
56: 1 (СИНИЙ)
57: 3 (ЧЕТВЁРТЫЙ)
58: 0 (КРАСНЫЙ)
59: 2 (ЗЕЛЁНЫЙ)
60: 2 (ЗЕЛЁНЫЙ)
61: 3 (ЧЕТВЁРТЫЙ)
62: 0 (КРАСНЫЙ)
63: 1 (СИНИЙ)
64: 3 (ЧЕТВЁРТЫЙ)
65: 1 (СИНИЙ)
66: 2 (ЗЕЛЁНЫЙ)
67: 1 (СИНИЙ)
68: 2 (ЗЕЛЁНЫЙ)
69: 2 (ЗЕЛЁНЫЙ)
70: 1 (СИНИЙ)
71: 3 (ЧЕТВЁРТЫЙ)
72: 1 (СИНИЙ)
73: 2 (ЗЕЛЁНЫЙ)
74: 3 (ЧЕТВЁРТЫЙ)
75: 3 (ЧЕТВЁРТЫЙ)
76: 1 (СИНИЙ)
77: 3 (ЧЕТВЁРТЫЙ)
78: 2 (ЗЕЛЁНЫЙ)
79: 1 (СИНИЙ)
80: 3 (ЧЕТВЁРТЫЙ)
81: 1 (СИНИЙ)
82: 0 (КРАСНЫЙ)
83: 0 (КРАСНЫЙ)
84: 2 (ЗЕЛЁНЫЙ)
85: 2 (ЗЕЛЁНЫЙ)
86: 0 (КРАСНЫЙ)
87: 2 (ЗЕЛЁНЫЙ)
88: 0 (КРАСНЫЙ)
89: 2 (ЗЕЛЁНЫЙ)
90: 1 (СИНИЙ)
91: 3 (ЧЕТВЁРТЫЙ)
92: 1 (СИНИЙ)
93: 0 (КРАСНЫЙ)
94: 0 (КРАСНЫЙ)
95: 0 (КРАСНЫЙ)
96: 2 (ЗЕЛЁНЫЙ)
97: 3 (ЧЕТВЁРТЫЙ)
98: 3 (ЧЕТВЁРТЫЙ)
99: 3 (ЧЕТВЁРТЫЙ)

================================================================================
РЕЗУЛЬТАТ ПРОВЕРКИ
================================================================================
Всего рёбер: 294
Проверено рёбер: 294
Конфликты: НЕТ
OK: КОНФЛИКТОВ НЕТ! Раскраска корректна.
