Лог-файл раскраски графа
Граф: graph_100_014
Дата: 2026-09-21 10:09:05
Статус: УСПЕШНО
Время выполнения: 13.72 секунд
================================================================================

Загружен граф: 100 вершин, 294 рёбер
Имя графа: graph_100_014
Файл: graphs100\graph_100_014.json

================================================================================
ГРАФ
================================================================================
Всего вершин: 100
Всего рёбер: 294

Вершины:
0
1
2
3
4
5
6
7
8
9
10
11
12
13
14
15
16
17
18
19
20
21
22
23
24
25
26
27
28
29
30
31
32
33
34
35
36
37
38
39
40
41
42
43
44
45
46
47
48
49
50
51
52
53
54
55
56
57
58
59
60
61
62
63
64
65
66
67
68
69
70
71
72
73
74
75
76
77
78
79
80
81
82
83
84
85
86
87
88
89
90
91
92
93
94
95
96
97
98
99

Рёбра:
0 29
0 47
0 69
0 70
0 95
1 6
1 15
1 16
1 41
1 99
2 18
2 20
2 22
2 47
2 63
2 64
2 70
3 4
3 12
3 46
3 72
3 82
3 89
3 90
4 12
4 19
4 37
4 82
4 84
5 8
5 10
5 27
5 46
5 61
5 75
5 81
6 16
6 21
6 40
6 41
6 83
6 84
6 98
7 10
7 12
7 34
7 37
7 48
7 75
7 99
8 27
8 61
8 67
8 77
9 17
9 24
9 55
9 57
9 59
9 69
10 15
10 27
10 41
10 75
10 99
11 20
11 23
11 44
11 56
11 71
12 37
12 46
12 75
13 17
13 30
13 42
13 57
13 87
13 95
14 28
14 53
14 62
14 66
14 88
15 41
15 99
16 34
16 83
16 99
17 57
17 69
17 95
18 22
18 70
18 92
19 82
19 84
19 96
19 98
20 29
20 44
20 63
20 64
20 68
20 71
21 40
21 52
21 98
22 45
22 51
22 64
22 92
23 56
23 58
23 65
23 71
23 93
24 45
24 49
24 55
24 69
24 80
25 26
25 32
25 53
25 76
25 97
26 32
26 60
26 66
26 97
27 41
27 77
27 78
28 31
28 43
28 60
28 62
28 66
28 71
28 93
29 44
29 47
29 63
29 85
29 94
29 95
30 85
30 87
30 95
31 43
31 68
31 71
32 40
32 60
32 76
33 38
33 74
33 79
33 89
33 90
34 48
34 83
34 99
35 40
35 52
35 76
35 88
36 44
36 74
36 85
36 87
37 48
37 84
38 44
38 65
38 74
38 79
39 43
39 51
39 54
39 68
40 41
40 52
40 60
40 76
41 51
41 60
41 78
42 46
42 57
42 81
42 86
42 87
42 90
43 54
43 60
43 68
44 56
44 65
44 74
44 85
45 49
45 51
45 55
45 78
45 92
46 75
46 81
46 90
47 63
47 70
47 94
48 73
48 83
48 84
49 69
49 80
49 92
50 58
50 62
50 93
51 54
51 60
51 64
51 68
51 78
52 72
52 88
52 96
52 98
53 66
53 76
53 88
53 97
54 60
55 59
55 78
56 65
57 59
57 86
57 91
58 62
58 65
58 72
58 79
58 88
58 89
58 93
59 78
59 91
60 66
61 67
61 81
62 88
62 93
63 94
64 68
65 79
66 97
67 77
67 81
67 91
68 71
69 70
69 80
69 92
69 95
70 92
71 93
72 82
72 88
72 89
72 96
73 83
73 84
74 87
74 90
76 88
77 78
77 91
78 91
79 89
81 86
81 91
82 96
83 84
84 98
85 87
85 95
86 91
87 90
89 90
96 98

================================================================================
РАСКРАСКА ПО ВЕРШИНАМ
================================================================================
0: 0 (КРАСНЫЙ)
1: 2 (ЗЕЛЁНЫЙ)
2: 3 (ЧЕТВЁРТЫЙ)
3: 3 (ЧЕТВЁРТЫЙ)
4: 0 (КРАСНЫЙ)
5: 0 (КРАСНЫЙ)
6: 0 (КРАСНЫЙ)
7: 0 (КРАСНЫЙ)
8: 3 (ЧЕТВЁРТЫЙ)
9: 1 (СИНИЙ)
10: 1 (СИНИЙ)
11: 3 (ЧЕТВЁРТЫЙ)
12: 1 (СИНИЙ)
13: 2 (ЗЕЛЁНЫЙ)
14: 0 (КРАСНЫЙ)
15: 0 (КРАСНЫЙ)
16: 1 (СИНИЙ)
17: 0 (КРАСНЫЙ)
18: 0 (КРАСНЫЙ)
19: 3 (ЧЕТВЁРТЫЙ)
20: 0 (КРАСНЫЙ)
21: 2 (ЗЕЛЁНЫЙ)
22: 1 (СИНИЙ)
23: 1 (СИНИЙ)
24: 0 (КРАСНЫЙ)
25: 1 (СИНИЙ)
26: 3 (ЧЕТВЁРТЫЙ)
27: 2 (ЗЕЛЁНЫЙ)
28: 3 (ЧЕТВЁРТЫЙ)
29: 3 (ЧЕТВЁРТЫЙ)
30: 0 (КРАСНЫЙ)
31: 0 (КРАСНЫЙ)
32: 0 (КРАСНЫЙ)
33: 3 (ЧЕТВЁРТЫЙ)
34: 2 (ЗЕЛЁНЫЙ)
35: 0 (КРАСНЫЙ)
36: 0 (КРАСНЫЙ)
37: 3 (ЧЕТВЁРТЫЙ)
38: 0 (КРАСНЫЙ)
39: 2 (ЗЕЛЁНЫЙ)
40: 1 (СИНИЙ)
41: 3 (ЧЕТВЁРТЫЙ)
42: 0 (КРАСНЫЙ)
43: 1 (СИНИЙ)
44: 1 (СИНИЙ)
45: 3 (ЧЕТВЁРТЫЙ)
46: 2 (ЗЕЛЁНЫЙ)
47: 2 (ЗЕЛЁНЫЙ)
48: 1 (СИНИЙ)
49: 1 (СИНИЙ)
50: 1 (СИНИЙ)
51: 0 (КРАСНЫЙ)
52: 3 (ЧЕТВЁРТЫЙ)
53: 3 (ЧЕТВЁРТЫЙ)
54: 3 (ЧЕТВЁРТЫЙ)
55: 2 (ЗЕЛЁНЫЙ)
56: 0 (КРАСНЫЙ)
57: 3 (ЧЕТВЁРТЫЙ)
58: 3 (ЧЕТВЁРТЫЙ)
59: 0 (КРАСНЫЙ)
60: 2 (ЗЕЛЁНЫЙ)
61: 2 (ЗЕЛЁНЫЙ)
62: 2 (ЗЕЛЁНЫЙ)
63: 1 (СИНИЙ)
64: 2 (ЗЕЛЁНЫЙ)
65: 2 (ЗЕЛЁНЫЙ)
66: 1 (СИНИЙ)
67: 1 (СИНИЙ)
68: 3 (ЧЕТВЁРТЫЙ)
69: 3 (ЧЕТВЁРТЫЙ)
70: 1 (СИНИЙ)
71: 2 (ЗЕЛЁНЫЙ)
72: 0 (КРАСНЫЙ)
73: 0 (КРАСНЫЙ)
74: 2 (ЗЕЛЁНЫЙ)
75: 3 (ЧЕТВЁРТЫЙ)
76: 2 (ЗЕЛЁНЫЙ)
77: 0 (КРАСНЫЙ)
78: 1 (СИНИЙ)
79: 1 (СИНИЙ)
80: 2 (ЗЕЛЁНЫЙ)
81: 3 (ЧЕТВЁРТЫЙ)
82: 1 (СИНИЙ)
83: 3 (ЧЕТВЁРТЫЙ)
84: 2 (ЗЕЛЁНЫЙ)
85: 2 (ЗЕЛЁНЫЙ)
86: 1 (СИНИЙ)
87: 3 (ЧЕТВЁРТЫЙ)
88: 1 (СИНИЙ)
89: 2 (ЗЕЛЁНЫЙ)
90: 1 (СИНИЙ)
91: 2 (ЗЕЛЁНЫЙ)
92: 2 (ЗЕЛЁНЫЙ)
93: 0 (КРАСНЫЙ)
94: 0 (КРАСНЫЙ)
95: 1 (СИНИЙ)
96: 2 (ЗЕЛЁНЫЙ)
97: 0 (КРАСНЫЙ)
98: 1 (СИНИЙ)
99: 3 (ЧЕТВЁРТЫЙ)

================================================================================
РЕЗУЛЬТАТ ПРОВЕРКИ
================================================================================
Всего рёбер: 294
Проверено рёбер: 294
Конфликты: НЕТ
OK: КОНФЛИКТОВ НЕТ! Раскраска корректна.
