Лог-файл раскраски графа
Граф: graph_100_088
Дата: 2026-09-21 10:36:50
Статус: НЕ УДАЛОСЬ
Время выполнения: 60.32 секунд
================================================================================

Загружен граф: 100 вершин, 294 рёбер
Имя графа: graph_100_088
Файл: graphs100\graph_100_088.json

================================================================================
ГРАФ
================================================================================
Всего вершин: 100
Всего рёбер: 294

Вершины:
0
1
2
3
4
5
6
7
8
9
10
11
12
13
14
15
16
17
18
19
20
21
22
23
24
25
26
27
28
29
30
31
32
33
34
35
36
37
38
39
40
41
42
43
44
45
46
47
48
49
50
51
52
53
54
55
56
57
58
59
60
61
62
63
64
65
66
67
68
69
70
71
72
73
74
75
76
77
78
79
80
81
82
83
84
85
86
87
88
89
90
91
92
93
94
95
96
97
98
99

Рёбра:
0 19
0 72
0 81
0 97
1 7
1 45
1 59
1 93
2 24
2 70
2 72
2 93
3 10
3 25
3 34
3 41
3 52
3 53
3 61
3 81
4 12
4 84
4 96
5 25
5 33
5 61
5 74
6 15
6 30
6 35
6 43
7 27
7 59
7 73
7 93
7 99
8 20
8 28
8 37
8 55
8 92
8 98
9 23
9 38
9 42
9 53
10 34
10 46
10 52
10 76
11 23
11 38
11 60
11 61
12 17
12 50
12 63
12 84
12 96
12 98
13 30
13 35
13 62
14 16
14 24
14 36
14 40
14 67
14 71
14 79
14 93
15 32
15 35
15 43
15 54
15 64
16 21
16 24
16 36
17 55
17 96
17 98
18 33
18 56
18 57
18 75
18 78
18 85
19 37
19 72
19 81
19 86
19 87
19 92
19 99
20 28
20 37
20 41
20 42
20 82
20 88
21 24
21 36
21 48
21 70
21 77
22 29
22 44
22 58
22 74
22 83
23 38
23 42
23 60
23 69
23 88
24 70
24 93
25 33
25 52
25 61
26 31
26 49
26 64
26 65
26 66
27 51
27 73
27 94
27 99
28 29
28 31
28 50
28 82
28 98
29 31
29 58
29 82
29 83
30 35
30 43
30 62
30 73
30 89
30 94
31 50
31 65
31 66
31 83
32 54
32 64
32 90
33 52
33 56
33 74
33 75
34 76
34 81
34 97
35 62
35 64
36 48
36 56
36 79
37 41
37 81
37 92
38 53
38 61
39 43
39 54
39 84
39 89
39 90
39 91
39 96
40 67
40 68
40 71
40 80
41 42
41 53
41 81
42 53
42 88
43 54
43 89
44 74
44 83
45 59
45 68
45 71
45 93
46 52
46 57
46 75
46 76
46 78
47 48
47 56
47 76
47 77
47 85
48 56
48 77
49 63
49 64
49 65
49 84
49 90
50 63
50 65
50 98
51 87
51 89
51 91
51 94
51 99
52 75
53 61
54 90
55 92
55 96
55 98
56 74
56 79
56 85
57 75
57 78
58 74
58 82
58 95
59 62
59 68
59 73
60 61
60 69
60 74
60 95
61 74
62 64
62 66
62 68
62 73
62 74
62 79
62 80
63 65
63 84
64 66
64 90
66 74
66 83
67 79
67 80
68 71
68 80
69 88
69 95
70 72
70 76
70 77
70 97
71 93
72 93
72 97
72 99
73 94
74 79
74 83
74 95
76 77
76 78
76 85
76 97
78 85
79 80
81 97
82 88
82 95
84 90
84 96
86 87
86 91
86 92
87 91
87 99
88 95
89 91
89 94
91 92
91 96
92 96
93 99

================================================================================
РАСКРАСКА ПО ВЕРШИНАМ
================================================================================
0: 0 (КРАСНЫЙ)
1: 0 (КРАСНЫЙ)
2: 0 (КРАСНЫЙ)
3: 0 (КРАСНЫЙ)
4: 3 (ЧЕТВЁРТЫЙ)
5: 0 (КРАСНЫЙ)
6: 1 (СИНИЙ)
7: 1 (СИНИЙ)
8: 3 (ЧЕТВЁРТЫЙ)
9: 0 (КРАСНЫЙ)
10: 3 (ЧЕТВЁРТЫЙ)
11: 0 (КРАСНЫЙ)
12: 0 (КРАСНЫЙ)
13: 2 (ЗЕЛЁНЫЙ)
14: 0 (КРАСНЫЙ)
15: 0 (КРАСНЫЙ)
16: 1 (СИНИЙ)
17: 3 (ЧЕТВЁРТЫЙ)
18: 0 (КРАСНЫЙ)
19: 1 (СИНИЙ)
20: 0 (КРАСНЫЙ)
21: 0 (КРАСНЫЙ)
22: 1 (СИНИЙ)
23: 1 (СИНИЙ)
24: 3 (ЧЕТВЁРТЫЙ)
25: 3 (ЧЕТВЁРТЫЙ)
26: 3 (ЧЕТВЁРТЫЙ)
27: 0 (КРАСНЫЙ)
28: 1 (СИНИЙ)
29: 3 (ЧЕТВЁРТЫЙ)
30: 0 (КРАСНЫЙ)
31: 0 (КРАСНЫЙ)
32: 1 (СИНИЙ)
33: 1 (СИНИЙ)
34: 1 (СИНИЙ)
35: 3 (ЧЕТВЁРТЫЙ)
36: 3 (ЧЕТВЁРТЫЙ)
37: 0 (КРАСНЫЙ)
38: 3 (ЧЕТВЁРТЫЙ)
39: 0 (КРАСНЫЙ)
40: 1 (СИНИЙ)
41: 3 (ЧЕТВЁРТЫЙ)
42: 2 (ЗЕЛЁНЫЙ)
43: 3 (ЧЕТВЁРТЫЙ)
44: 0 (КРАСНЫЙ)
45: 1 (СИНИЙ)
46: 0 (КРАСНЫЙ)
47: 0 (КРАСНЫЙ)
48: 1 (СИНИЙ)
49: 0 (КРАСНЫЙ)
50: 3 (ЧЕТВЁРТЫЙ)
51: 1 (СИНИЙ)
52: 2 (ЗЕЛЁНЫЙ)
53: 1 (СИНИЙ)
54: 2 (ЗЕЛЁНЫЙ)
55: 0 (КРАСНЫЙ)
56: 2 (ЗЕЛЁНЫЙ)
57: 1 (СИНИЙ)
58: 0 (КРАСНЫЙ)
59: 3 (ЧЕТВЁРТЫЙ)
60: 2 (ЗЕЛЁНЫЙ)
61: 1 (СИНИЙ)
62: 1 (СИНИЙ)
63: 2 (ЗЕЛЁНЫЙ)
64: 2 (ЗЕЛЁНЫЙ)
65: 1 (СИНИЙ)
66: 1 (СИНИЙ)
67: 2 (ЗЕЛЁНЫЙ)
68: 0 (КРАСНЫЙ)
69: 0 (КРАСНЫЙ)
70: 2 (ЗЕЛЁНЫЙ)
71: 3 (ЧЕТВЁРТЫЙ)
72: 2 (ЗЕЛЁНЫЙ)
73: 2 (ЗЕЛЁНЫЙ)
74: 3 (ЧЕТВЁРТЫЙ)
75: 3 (ЧЕТВЁРТЫЙ)
76: 2 (ЗЕЛЁНЫЙ)
77: 3 (ЧЕТВЁРТЫЙ)
78: 3 (ЧЕТВЁРТЫЙ)
79: 1 (СИНИЙ)
80: 3 (ЧЕТВЁРТЫЙ)
81: 2 (ЗЕЛЁНЫЙ)
82: 2 (ЗЕЛЁНЫЙ)
83: 2 (ЗЕЛЁНЫЙ)
84: 1 (СИНИЙ)
85: 1 (СИНИЙ)
86: 0 (КРАСНЫЙ)
87: 2 (ЗЕЛЁНЫЙ)
88: 3 (ЧЕТВЁРТЫЙ)
89: 2 (ЗЕЛЁНЫЙ)
90: 3 (ЧЕТВЁРТЫЙ)
91: 3 (ЧЕТВЁРТЫЙ)
92: 2 (ЗЕЛЁНЫЙ)
93: 2 (ЗЕЛЁНЫЙ)
94: 3 (ЧЕТВЁРТЫЙ)
95: 1 (СИНИЙ)
96: 2 (ЗЕЛЁНЫЙ)
97: 3 (ЧЕТВЁРТЫЙ)
98: 2 (ЗЕЛЁНЫЙ)
99: 3 (ЧЕТВЁРТЫЙ)

================================================================================
РЕЗУЛЬТАТ ПРОВЕРКИ
================================================================================
Всего рёбер: 294
Проверено рёбер: 294
Конфликты: 8
  FAIL: 20 - 37: оба цвета 0 (КРАСНЫЙ)
  FAIL: 53 - 61: оба цвета 1 (СИНИЙ)
  FAIL: 62 - 66: оба цвета 1 (СИНИЙ)
  FAIL: 62 - 79: оба цвета 1 (СИНИЙ)
  FAIL: 70 - 72: оба цвета 2 (ЗЕЛЁНЫЙ)
  FAIL: 70 - 76: оба цвета 2 (ЗЕЛЁНЫЙ)
  FAIL: 72 - 93: оба цвета 2 (ЗЕЛЁНЫЙ)
  FAIL: 92 - 96: оба цвета 2 (ЗЕЛЁНЫЙ)
FAIL: НАЙДЕНЫ КОНФЛИКТЫ
