Лог-файл раскраски графа
Граф: graph_100_093
Дата: 2026-09-21 10:40:42
Статус: НЕ УДАЛОСЬ
Время выполнения: 133.91 секунд
================================================================================

Загружен граф: 100 вершин, 294 рёбер
Имя графа: graph_100_093
Файл: graphs100\graph_100_093.json

================================================================================
ГРАФ
================================================================================
Всего вершин: 100
Всего рёбер: 294

Вершины:
0
1
2
3
4
5
6
7
8
9
10
11
12
13
14
15
16
17
18
19
20
21
22
23
24
25
26
27
28
29
30
31
32
33
34
35
36
37
38
39
40
41
42
43
44
45
46
47
48
49
50
51
52
53
54
55
56
57
58
59
60
61
62
63
64
65
66
67
68
69
70
71
72
73
74
75
76
77
78
79
80
81
82
83
84
85
86
87
88
89
90
91
92
93
94
95
96
97
98
99

Рёбра:
0 2
0 4
0 9
0 73
1 23
1 33
1 45
1 70
2 4
2 7
2 9
2 16
2 32
3 14
3 42
3 82
3 93
3 97
4 7
4 19
4 73
4 78
4 80
5 15
5 17
5 18
5 67
5 69
5 89
6 36
6 46
6 57
6 91
6 92
7 16
7 77
7 80
8 22
8 30
8 31
8 63
8 79
8 83
8 85
9 32
9 38
9 47
9 54
9 73
9 95
10 13
10 24
10 41
10 56
10 68
10 94
11 38
11 43
11 81
11 90
12 14
12 26
12 55
12 71
12 82
12 95
12 97
13 27
13 29
13 68
13 72
13 94
14 41
14 45
14 55
14 60
14 74
14 93
14 97
15 18
15 37
15 38
15 47
15 50
15 69
15 81
16 32
16 47
16 77
17 48
17 67
17 89
18 37
18 48
18 67
19 21
19 23
19 26
19 73
19 74
19 78
20 57
20 64
20 91
20 92
20 93
21 23
21 70
21 78
22 25
22 48
22 62
22 63
22 85
22 89
23 45
23 70
23 74
24 39
24 41
24 49
24 51
24 53
24 59
24 83
24 86
24 94
25 62
25 69
25 88
25 89
26 55
26 73
26 74
26 95
27 29
27 58
27 86
27 94
27 99
28 51
28 52
28 58
28 81
28 84
28 90
29 46
29 72
29 84
29 90
29 99
30 39
30 62
30 63
30 83
31 37
31 48
31 52
31 79
31 85
32 47
33 45
33 61
33 70
33 78
33 80
33 87
33 96
34 35
34 40
34 61
34 65
34 87
34 96
35 40
35 44
35 65
36 43
36 46
36 54
36 91
37 48
37 52
37 81
38 43
38 47
38 54
38 81
39 41
39 62
39 83
39 88
40 44
40 45
40 61
40 88
41 45
41 56
41 64
41 75
41 88
41 93
42 71
42 82
42 91
42 93
43 46
43 54
43 90
44 50
44 65
44 69
44 88
45 61
45 74
45 88
46 57
46 72
46 90
47 50
47 77
48 67
48 85
48 89
49 86
49 94
50 65
50 69
50 76
50 77
51 52
51 53
51 58
51 59
51 86
52 59
52 79
52 81
53 59
54 91
54 95
55 60
55 74
56 66
56 68
56 75
57 64
57 72
57 92
58 84
58 86
58 99
59 79
59 83
60 74
61 96
62 63
62 88
64 72
64 75
64 93
64 98
65 76
65 87
66 68
66 72
66 75
66 98
68 72
69 88
69 89
70 78
71 82
71 91
71 95
72 98
73 95
75 98
76 77
76 80
76 87
77 80
78 80
79 83
80 87
81 90
82 97
84 90
84 99
86 94
87 96
91 92
91 93
91 95

================================================================================
РАСКРАСКА ПО ВЕРШИНАМ
================================================================================
0: 0 (КРАСНЫЙ)
1: 2 (ЗЕЛЁНЫЙ)
2: 3 (ЧЕТВЁРТЫЙ)
3: 0 (КРАСНЫЙ)
4: 1 (СИНИЙ)
5: 3 (ЧЕТВЁРТЫЙ)
6: 0 (КРАСНЫЙ)
7: 0 (КРАСНЫЙ)
8: 1 (СИНИЙ)
9: 1 (СИНИЙ)
10: 3 (ЧЕТВЁРТЫЙ)
11: 1 (СИНИЙ)
12: 0 (КРАСНЫЙ)
13: 0 (КРАСНЫЙ)
14: 3 (ЧЕТВЁРТЫЙ)
15: 1 (СИНИЙ)
16: 1 (СИНИЙ)
17: 0 (КРАСНЫЙ)
18: 0 (КРАСНЫЙ)
19: 3 (ЧЕТВЁРТЫЙ)
20: 3 (ЧЕТВЁРТЫЙ)
21: 1 (СИНИЙ)
22: 3 (ЧЕТВЁРТЫЙ)
23: 0 (КРАСНЫЙ)
24: 0 (КРАСНЫЙ)
25: 0 (КРАСНЫЙ)
26: 1 (СИНИЙ)
27: 1 (СИНИЙ)
28: 0 (КРАСНЫЙ)
29: 2 (ЗЕЛЁНЫЙ)
30: 0 (КРАСНЫЙ)
31: 0 (КРАСНЫЙ)
32: 2 (ЗЕЛЁНЫЙ)
33: 0 (КРАСНЫЙ)
34: 3 (ЧЕТВЁРТЫЙ)
35: 1 (СИНИЙ)
36: 3 (ЧЕТВЁРТЫЙ)
37: 2 (ЗЕЛЁНЫЙ)
38: 3 (ЧЕТВЁРТЫЙ)
39: 2 (ЗЕЛЁНЫЙ)
40: 0 (КРАСНЫЙ)
41: 1 (СИНИЙ)
42: 3 (ЧЕТВЁРТЫЙ)
43: 2 (ЗЕЛЁНЫЙ)
44: 2 (ЗЕЛЁНЫЙ)
45: 1 (СИНИЙ)
46: 1 (СИНИЙ)
47: 0 (КРАСНЫЙ)
48: 1 (СИНИЙ)
49: 1 (СИНИЙ)
50: 3 (ЧЕТВЁРТЫЙ)
51: 1 (СИНИЙ)
52: 3 (ЧЕТВЁРТЫЙ)
53: 3 (ЧЕТВЁРТЫЙ)
54: 0 (КРАСНЫЙ)
55: 2 (ЗЕЛЁНЫЙ)
56: 0 (КРАСНЫЙ)
57: 2 (ЗЕЛЁНЫЙ)
58: 2 (ЗЕЛЁНЫЙ)
59: 2 (ЗЕЛЁНЫЙ)
60: 1 (СИНИЙ)
61: 2 (ЗЕЛЁНЫЙ)
62: 1 (СИНИЙ)
63: 2 (ЗЕЛЁНЫЙ)
64: 0 (КРАСНЫЙ)
65: 0 (КРАСНЫЙ)
66: 1 (СИНИЙ)
67: 2 (ЗЕЛЁНЫЙ)
68: 2 (ЗЕЛЁНЫЙ)
69: 1 (СИНИЙ)
70: 3 (ЧЕТВЁРТЫЙ)
71: 2 (ЗЕЛЁНЫЙ)
72: 3 (ЧЕТВЁРТЫЙ)
73: 2 (ЗЕЛЁНЫЙ)
74: 0 (КРАСНЫЙ)
75: 3 (ЧЕТВЁРТЫЙ)
76: 1 (СИНИЙ)
77: 2 (ЗЕЛЁНЫЙ)
78: 2 (ЗЕЛЁНЫЙ)
79: 2 (ЗЕЛЁНЫЙ)
80: 3 (ЧЕТВЁРТЫЙ)
81: 0 (КРАСНЫЙ)
82: 1 (СИНИЙ)
83: 3 (ЧЕТВЁРТЫЙ)
84: 1 (СИНИЙ)
85: 2 (ЗЕЛЁНЫЙ)
86: 3 (ЧЕТВЁРТЫЙ)
87: 2 (ЗЕЛЁНЫЙ)
88: 3 (ЧЕТВЁРТЫЙ)
89: 2 (ЗЕЛЁНЫЙ)
90: 3 (ЧЕТВЁРТЫЙ)
91: 2 (ЗЕЛЁНЫЙ)
92: 1 (СИНИЙ)
93: 2 (ЗЕЛЁНЫЙ)
94: 2 (ЗЕЛЁНЫЙ)
95: 3 (ЧЕТВЁРТЫЙ)
96: 1 (СИНИЙ)
97: 2 (ЗЕЛЁНЫЙ)
98: 2 (ЗЕЛЁНЫЙ)
99: 3 (ЧЕТВЁРТЫЙ)

================================================================================
РЕЗУЛЬТАТ ПРОВЕРКИ
================================================================================
Всего рёбер: 294
Проверено рёбер: 294
Конфликты: 7
  FAIL: 15 - 69: оба цвета 1 (СИНИЙ)
  FAIL: 23 - 74: оба цвета 0 (КРАСНЫЙ)
  FAIL: 28 - 81: оба цвета 0 (КРАСНЫЙ)
  FAIL: 41 - 45: оба цвета 1 (СИНИЙ)
  FAIL: 59 - 79: оба цвета 2 (ЗЕЛЁНЫЙ)
  FAIL: 71 - 91: оба цвета 2 (ЗЕЛЁНЫЙ)
  FAIL: 91 - 93: оба цвета 2 (ЗЕЛЁНЫЙ)
FAIL: НАЙДЕНЫ КОНФЛИКТЫ
