Лог-файл раскраски графа
Граф: graph_100_078
Дата: 2026-09-21 10:30:38
Статус: УСПЕШНО
Время выполнения: 12.28 секунд
================================================================================

Загружен граф: 100 вершин, 294 рёбер
Имя графа: graph_100_078
Файл: graphs100\graph_100_078.json

================================================================================
ГРАФ
================================================================================
Всего вершин: 100
Всего рёбер: 294

Вершины:
0
1
2
3
4
5
6
7
8
9
10
11
12
13
14
15
16
17
18
19
20
21
22
23
24
25
26
27
28
29
30
31
32
33
34
35
36
37
38
39
40
41
42
43
44
45
46
47
48
49
50
51
52
53
54
55
56
57
58
59
60
61
62
63
64
65
66
67
68
69
70
71
72
73
74
75
76
77
78
79
80
81
82
83
84
85
86
87
88
89
90
91
92
93
94
95
96
97
98
99

Рёбра:
0 4
0 14
0 32
0 37
0 42
0 62
0 76
1 5
1 22
1 49
1 75
1 92
2 16
2 36
2 39
2 68
2 89
2 98
3 6
3 13
3 67
3 68
3 81
3 93
4 32
4 42
4 91
5 25
5 49
5 51
5 74
5 75
5 94
6 19
6 34
6 45
6 81
6 83
6 93
7 25
7 38
7 53
7 90
8 10
8 14
8 35
8 50
8 80
9 24
9 29
9 33
9 39
9 65
9 70
9 89
9 98
10 14
10 50
10 86
10 96
11 52
11 54
11 56
11 72
11 84
11 88
12 21
12 46
12 61
12 72
12 79
12 84
12 88
13 19
13 68
13 78
13 81
14 37
14 69
14 73
14 76
14 80
14 86
15 25
15 31
15 38
15 40
15 60
15 70
16 41
16 68
16 89
17 20
17 44
17 48
17 61
18 37
18 62
18 73
18 86
18 96
19 45
19 52
19 78
19 81
20 28
20 42
20 44
20 61
20 62
20 79
21 43
21 46
21 58
21 59
21 63
21 72
21 85
22 24
22 49
22 65
22 92
23 48
23 56
23 61
23 71
23 88
23 99
24 30
24 49
24 55
24 65
24 70
25 26
25 38
25 51
25 60
25 90
25 94
26 35
26 57
26 82
26 90
26 94
27 32
27 47
27 69
27 76
27 95
27 97
28 32
28 42
28 79
28 85
28 91
28 95
29 36
29 39
29 89
30 51
30 55
30 60
30 70
31 38
31 40
31 43
31 53
31 63
31 64
32 76
32 91
32 95
33 34
33 40
33 41
33 70
33 87
33 89
34 40
34 63
34 83
34 87
34 93
35 50
35 57
35 80
35 82
36 39
36 89
37 62
37 73
38 53
39 98
40 63
40 70
41 67
41 68
41 87
41 89
42 62
42 91
43 47
43 63
43 64
43 85
44 48
44 62
44 68
44 78
45 52
45 58
45 66
45 72
45 83
46 59
46 79
47 64
47 85
47 95
47 97
48 61
48 78
48 99
49 51
49 55
50 57
50 74
50 94
50 96
51 55
51 60
52 54
52 72
52 78
53 64
53 90
53 97
54 56
54 78
56 71
56 78
56 88
56 99
57 94
58 63
58 66
58 72
59 79
59 85
60 70
61 79
61 88
62 68
62 96
63 66
63 83
64 97
65 92
65 98
66 83
67 68
67 87
67 93
68 77
68 78
68 96
68 98
69 76
69 80
69 90
69 97
71 99
72 84
73 86
74 75
74 77
74 94
74 96
75 77
75 92
77 92
77 96
77 98
78 99
79 85
80 82
80 90
82 90
84 88
85 95
86 96
87 93
90 97
92 98

================================================================================
РАСКРАСКА ПО ВЕРШИНАМ
================================================================================
0: 0 (КРАСНЫЙ)
1: 2 (ЗЕЛЁНЫЙ)
2: 0 (КРАСНЫЙ)
3: 0 (КРАСНЫЙ)
4: 3 (ЧЕТВЁРТЫЙ)
5: 0 (КРАСНЫЙ)
6: 1 (СИНИЙ)
7: 0 (КРАСНЫЙ)
8: 1 (СИНИЙ)
9: 1 (СИНИЙ)
10: 0 (КРАСНЫЙ)
11: 3 (ЧЕТВЁРТЫЙ)
12: 0 (КРАСНЫЙ)
13: 3 (ЧЕТВЁРТЫЙ)
14: 3 (ЧЕТВЁРТЫЙ)
15: 0 (КРАСНЫЙ)
16: 1 (СИНИЙ)
17: 1 (СИНИЙ)
18: 0 (КРАСНЫЙ)
19: 0 (КРАСНЫЙ)
20: 0 (КРАСНЫЙ)
21: 3 (ЧЕТВЁРТЫЙ)
22: 3 (ЧЕТВЁРТЫЙ)
23: 0 (КРАСНЫЙ)
24: 0 (КРАСНЫЙ)
25: 1 (СИНИЙ)
26: 0 (КРАСНЫЙ)
27: 3 (ЧЕТВЁРТЫЙ)
28: 3 (ЧЕТВЁРТЫЙ)
29: 0 (КРАСНЫЙ)
30: 1 (СИНИЙ)
31: 2 (ЗЕЛЁНЫЙ)
32: 2 (ЗЕЛЁНЫЙ)
33: 2 (ЗЕЛЁНЫЙ)
34: 3 (ЧЕТВЁРТЫЙ)
35: 3 (ЧЕТВЁРТЫЙ)
36: 1 (СИНИЙ)
37: 2 (ЗЕЛЁНЫЙ)
38: 3 (ЧЕТВЁРТЫЙ)
39: 2 (ЗЕЛЁНЫЙ)
40: 1 (СИНИЙ)
41: 0 (КРАСНЫЙ)
42: 2 (ЗЕЛЁНЫЙ)
43: 1 (СИНИЙ)
44: 3 (ЧЕТВЁРТЫЙ)
45: 3 (ЧЕТВЁРТЫЙ)
46: 2 (ЗЕЛЁНЫЙ)
47: 0 (КРАСНЫЙ)
48: 2 (ЗЕЛЁНЫЙ)
49: 1 (СИНИЙ)
50: 2 (ЗЕЛЁНЫЙ)
51: 3 (ЧЕТВЁРТЫЙ)
52: 2 (ЗЕЛЁНЫЙ)
53: 1 (СИНИЙ)
54: 0 (КРАСНЫЙ)
55: 2 (ЗЕЛЁНЫЙ)
56: 2 (ЗЕЛЁНЫЙ)
57: 1 (СИНИЙ)
58: 2 (ЗЕЛЁНЫЙ)
59: 0 (КРАСНЫЙ)
60: 2 (ЗЕЛЁНЫЙ)
61: 3 (ЧЕТВЁРТЫЙ)
62: 1 (СИНИЙ)
63: 0 (КРАСНЫЙ)
64: 3 (ЧЕТВЁРТЫЙ)
65: 2 (ЗЕЛЁНЫЙ)
66: 1 (СИНИЙ)
67: 3 (ЧЕТВЁРТЫЙ)
68: 2 (ЗЕЛЁНЫЙ)
69: 0 (КРАСНЫЙ)
70: 3 (ЧЕТВЁРТЫЙ)
71: 1 (СИНИЙ)
72: 1 (СИНИЙ)
73: 1 (СИНИЙ)
74: 1 (СИНИЙ)
75: 3 (ЧЕТВЁРТЫЙ)
76: 1 (СИНИЙ)
77: 0 (КРАСНЫЙ)
78: 1 (СИНИЙ)
79: 1 (СИНИЙ)
80: 2 (ЗЕЛЁНЫЙ)
81: 2 (ЗЕЛЁНЫЙ)
82: 1 (СИНИЙ)
83: 2 (ЗЕЛЁНЫЙ)
84: 2 (ЗЕЛЁНЫЙ)
85: 2 (ЗЕЛЁНЫЙ)
86: 2 (ЗЕЛЁНЫЙ)
87: 1 (СИНИЙ)
88: 1 (СИНИЙ)
89: 3 (ЧЕТВЁРТЫЙ)
90: 3 (ЧЕТВЁРТЫЙ)
91: 0 (КРАСНЫЙ)
92: 1 (СИНИЙ)
93: 2 (ЗЕЛЁНЫЙ)
94: 3 (ЧЕТВЁРТЫЙ)
95: 1 (СИНИЙ)
96: 3 (ЧЕТВЁРТЫЙ)
97: 2 (ЗЕЛЁНЫЙ)
98: 3 (ЧЕТВЁРТЫЙ)
99: 3 (ЧЕТВЁРТЫЙ)

================================================================================
РЕЗУЛЬТАТ ПРОВЕРКИ
================================================================================
Всего рёбер: 294
Проверено рёбер: 294
Конфликты: НЕТ
OK: КОНФЛИКТОВ НЕТ! Раскраска корректна.
