Лог-файл раскраски графа
Граф: graph_100_031
Дата: 2026-09-21 10:13:04
Статус: УСПЕШНО
Время выполнения: 11.78 секунд
================================================================================

Загружен граф: 100 вершин, 294 рёбер
Имя графа: graph_100_031
Файл: graphs100\graph_100_031.json

================================================================================
ГРАФ
================================================================================
Всего вершин: 100
Всего рёбер: 294

Вершины:
0
1
2
3
4
5
6
7
8
9
10
11
12
13
14
15
16
17
18
19
20
21
22
23
24
25
26
27
28
29
30
31
32
33
34
35
36
37
38
39
40
41
42
43
44
45
46
47
48
49
50
51
52
53
54
55
56
57
58
59
60
61
62
63
64
65
66
67
68
69
70
71
72
73
74
75
76
77
78
79
80
81
82
83
84
85
86
87
88
89
90
91
92
93
94
95
96
97
98
99

Рёбра:
0 9
0 39
0 50
0 62
0 66
0 80
1 50
1 56
1 57
1 73
1 81
2 19
2 23
2 28
2 45
2 84
2 96
3 42
3 70
3 72
3 78
3 79
3 85
4 5
4 24
4 26
4 44
4 67
4 93
5 24
5 26
5 35
5 40
6 15
6 27
6 33
6 37
6 52
6 87
7 17
7 35
7 65
7 74
7 88
8 38
8 53
8 55
8 77
8 86
8 90
9 20
9 62
9 66
10 14
10 25
10 40
10 55
10 84
11 16
11 22
11 30
11 69
12 25
12 32
12 60
12 71
12 87
12 90
13 20
13 50
13 62
14 28
14 35
14 40
14 84
14 88
15 27
15 29
15 71
15 87
16 22
16 30
16 36
16 37
16 48
16 68
17 35
17 88
18 42
18 77
18 78
18 86
18 90
18 95
18 99
19 28
19 65
19 74
19 88
19 96
20 50
20 62
20 66
20 69
20 81
21 31
21 34
21 48
21 56
22 48
22 69
22 73
22 81
23 45
23 53
23 54
23 55
23 89
23 96
24 40
24 44
24 64
24 94
25 32
25 40
25 55
25 64
25 90
26 35
26 39
26 67
26 74
27 29
27 37
27 41
27 98
28 84
28 88
29 41
29 71
29 82
29 83
30 36
30 44
30 46
30 66
30 69
31 34
31 48
31 49
31 91
32 43
32 58
32 64
32 76
32 87
32 94
33 52
33 58
33 68
33 87
34 49
34 56
34 57
35 40
35 74
35 88
36 46
36 61
36 68
37 48
37 52
37 68
37 98
38 42
38 53
38 54
38 86
38 89
39 50
39 57
39 59
39 67
39 74
39 75
39 79
39 80
39 89
39 96
39 97
40 64
41 83
41 98
42 78
42 79
42 86
42 89
43 58
43 61
43 68
43 76
44 46
44 47
44 61
44 66
44 93
44 94
45 55
45 84
46 61
47 61
47 76
47 94
48 51
48 56
48 73
48 91
48 98
49 57
49 91
50 57
50 62
50 81
51 83
51 91
51 98
52 68
53 54
53 55
54 89
55 84
55 90
56 57
56 73
57 59
57 91
58 68
58 87
59 75
59 83
59 91
59 92
60 71
60 90
60 95
60 99
61 68
61 76
63 70
63 75
63 79
63 85
63 92
64 94
65 74
65 88
66 69
66 80
66 93
67 93
67 97
69 81
70 72
70 82
70 85
70 92
71 72
71 78
71 82
71 87
71 99
72 78
72 82
73 81
74 96
75 79
75 92
76 94
77 86
77 90
78 99
79 85
79 89
80 93
80 97
82 83
82 92
83 91
83 92
83 98
89 96
90 95
93 97
95 99

================================================================================
РАСКРАСКА ПО ВЕРШИНАМ
================================================================================
0: 0 (КРАСНЫЙ)
1: 0 (КРАСНЫЙ)
2: 3 (ЧЕТВЁРТЫЙ)
3: 3 (ЧЕТВЁРТЫЙ)
4: 0 (КРАСНЫЙ)
5: 1 (СИНИЙ)
6: 0 (КРАСНЫЙ)
7: 1 (СИНИЙ)
8: 0 (КРАСНЫЙ)
9: 3 (ЧЕТВЁРТЫЙ)
10: 3 (ЧЕТВЁРТЫЙ)
11: 1 (СИНИЙ)
12: 0 (КРАСНЫЙ)
13: 2 (ЗЕЛЁНЫЙ)
14: 1 (СИНИЙ)
15: 3 (ЧЕТВЁРТЫЙ)
16: 0 (КРАСНЫЙ)
17: 0 (КРАСНЫЙ)
18: 1 (СИНИЙ)
19: 1 (СИНИЙ)
20: 0 (КРАСНЫЙ)
21: 2 (ЗЕЛЁНЫЙ)
22: 3 (ЧЕТВЁРТЫЙ)
23: 0 (КРАСНЫЙ)
24: 3 (ЧЕТВЁРТЫЙ)
25: 1 (СИНИЙ)
26: 3 (ЧЕТВЁРТЫЙ)
27: 1 (СИНИЙ)
28: 2 (ЗЕЛЁНЫЙ)
29: 0 (КРАСНЫЙ)
30: 3 (ЧЕТВЁРТЫЙ)
31: 3 (ЧЕТВЁРТЫЙ)
32: 3 (ЧЕТВЁРТЫЙ)
33: 3 (ЧЕТВЁРТЫЙ)
34: 0 (КРАСНЫЙ)
35: 2 (ЗЕЛЁНЫЙ)
36: 1 (СИНИЙ)
37: 3 (ЧЕТВЁРТЫЙ)
38: 1 (СИНИЙ)
39: 1 (СИНИЙ)
40: 0 (КРАСНЫЙ)
41: 3 (ЧЕТВЁРТЫЙ)
42: 0 (КРАСНЫЙ)
43: 0 (КРАСНЫЙ)
44: 2 (ЗЕЛЁНЫЙ)
45: 1 (СИНИЙ)
46: 0 (КРАСНЫЙ)
47: 1 (СИНИЙ)
48: 1 (СИНИЙ)
49: 1 (СИНИЙ)
50: 3 (ЧЕТВЁРТЫЙ)
51: 3 (ЧЕТВЁРТЫЙ)
52: 1 (СИНИЙ)
53: 3 (ЧЕТВЁРТЫЙ)
54: 2 (ЗЕЛЁНЫЙ)
55: 2 (ЗЕЛЁНЫЙ)
56: 3 (ЧЕТВЁРТЫЙ)
57: 2 (ЗЕЛЁНЫЙ)
58: 1 (СИНИЙ)
59: 3 (ЧЕТВЁРТЫЙ)
60: 2 (ЗЕЛЁНЫЙ)
61: 3 (ЧЕТВЁРТЫЙ)
62: 1 (СИНИЙ)
63: 3 (ЧЕТВЁРТЫЙ)
64: 2 (ЗЕЛЁНЫЙ)
65: 2 (ЗЕЛЁНЫЙ)
66: 1 (СИНИЙ)
67: 2 (ЗЕЛЁНЫЙ)
68: 2 (ЗЕЛЁНЫЙ)
69: 2 (ЗЕЛЁНЫЙ)
70: 1 (СИНИЙ)
71: 1 (СИНИЙ)
72: 0 (КРАСНЫЙ)
73: 2 (ЗЕЛЁНЫЙ)
74: 0 (КРАСНЫЙ)
75: 0 (КРАСНЫЙ)
76: 2 (ЗЕЛЁНЫЙ)
77: 2 (ЗЕЛЁНЫЙ)
78: 2 (ЗЕЛЁНЫЙ)
79: 2 (ЗЕЛЁНЫЙ)
80: 2 (ЗЕЛЁНЫЙ)
81: 1 (СИНИЙ)
82: 3 (ЧЕТВЁРТЫЙ)
83: 1 (СИНИЙ)
84: 0 (КРАСНЫЙ)
85: 0 (КРАСНЫЙ)
86: 3 (ЧЕТВЁРТЫЙ)
87: 2 (ЗЕЛЁНЫЙ)
88: 3 (ЧЕТВЁРТЫЙ)
89: 3 (ЧЕТВЁРТЫЙ)
90: 3 (ЧЕТВЁРТЫЙ)
91: 0 (КРАСНЫЙ)
92: 2 (ЗЕЛЁНЫЙ)
93: 3 (ЧЕТВЁРТЫЙ)
94: 0 (КРАСНЫЙ)
95: 0 (КРАСНЫЙ)
96: 2 (ЗЕЛЁНЫЙ)
97: 0 (КРАСНЫЙ)
98: 0 (КРАСНЫЙ)
99: 3 (ЧЕТВЁРТЫЙ)

================================================================================
РЕЗУЛЬТАТ ПРОВЕРКИ
================================================================================
Всего рёбер: 294
Проверено рёбер: 294
Конфликты: НЕТ
OK: КОНФЛИКТОВ НЕТ! Раскраска корректна.
