Лог-файл раскраски графа
Граф: graph_100_080
Дата: 2026-09-21 10:31:06
Статус: УСПЕШНО
Время выполнения: 15.27 секунд
================================================================================

Загружен граф: 100 вершин, 294 рёбер
Имя графа: graph_100_080
Файл: graphs100\graph_100_080.json

================================================================================
ГРАФ
================================================================================
Всего вершин: 100
Всего рёбер: 294

Вершины:
0
1
2
3
4
5
6
7
8
9
10
11
12
13
14
15
16
17
18
19
20
21
22
23
24
25
26
27
28
29
30
31
32
33
34
35
36
37
38
39
40
41
42
43
44
45
46
47
48
49
50
51
52
53
54
55
56
57
58
59
60
61
62
63
64
65
66
67
68
69
70
71
72
73
74
75
76
77
78
79
80
81
82
83
84
85
86
87
88
89
90
91
92
93
94
95
96
97
98
99

Рёбра:
0 15
0 27
0 39
0 56
0 68
0 70
0 99
1 41
1 44
1 50
1 59
1 80
2 28
2 49
2 79
2 97
3 4
3 18
3 47
3 63
3 64
3 67
3 81
4 45
4 47
4 60
4 61
4 81
5 26
5 29
5 65
5 66
5 76
6 11
6 18
6 41
6 75
7 8
7 29
7 53
7 65
7 77
8 24
8 25
8 29
8 36
8 76
8 77
9 45
9 46
9 57
9 72
9 83
9 88
10 23
10 24
10 36
10 40
10 69
10 74
10 75
10 89
10 93
11 18
11 55
11 64
11 75
12 13
12 37
12 38
12 39
12 90
13 20
13 30
13 37
13 58
13 71
13 82
13 90
14 16
14 68
14 70
14 91
14 94
15 38
15 39
15 95
15 99
16 31
16 70
16 84
16 91
17 33
17 34
17 52
17 63
17 67
18 41
18 64
18 67
18 80
19 52
19 54
19 61
19 85
19 86
20 30
20 32
20 42
20 66
20 82
20 96
21 22
21 33
21 43
21 59
21 82
22 33
22 59
22 80
23 40
23 83
23 87
23 88
23 89
23 92
24 36
24 74
24 77
25 28
25 31
25 36
25 49
25 66
25 76
26 46
26 57
26 65
26 66
26 98
27 31
27 39
27 48
27 58
27 70
28 49
28 66
28 79
29 65
29 76
30 42
30 71
31 36
31 48
31 49
31 70
31 84
32 42
32 71
32 96
33 34
33 67
33 80
33 82
33 86
34 52
34 54
34 86
35 51
35 72
35 77
35 78
35 83
36 84
36 93
37 39
37 58
38 39
38 82
38 90
38 95
39 58
40 47
40 55
40 75
40 87
41 50
41 62
41 75
41 80
42 71
43 44
43 59
43 82
43 95
44 50
44 59
44 95
44 99
45 47
45 57
45 61
45 66
45 82
45 86
45 87
45 88
46 51
46 53
46 57
46 65
46 72
47 55
47 64
47 87
48 49
48 58
49 58
49 97
50 62
50 99
51 53
51 72
51 77
52 54
52 63
52 81
52 85
53 65
53 77
54 86
55 64
55 75
56 62
56 68
56 73
56 99
57 66
57 98
58 71
58 97
59 80
60 61
60 81
60 85
61 85
61 86
62 73
62 75
62 99
63 67
63 81
66 76
66 79
66 82
66 96
66 98
67 80
68 70
68 73
68 94
69 73
69 75
69 84
69 91
69 93
71 79
71 96
71 97
72 83
73 75
73 91
73 94
74 77
74 78
74 89
77 78
78 83
78 89
79 96
79 97
81 85
82 86
82 90
82 95
83 88
83 89
83 92
84 91
84 93
87 88
88 92
91 94
95 99

================================================================================
РАСКРАСКА ПО ВЕРШИНАМ
================================================================================
0: 0 (КРАСНЫЙ)
1: 3 (ЧЕТВЁРТЫЙ)
2: 2 (ЗЕЛЁНЫЙ)
3: 0 (КРАСНЫЙ)
4: 1 (СИНИЙ)
5: 0 (КРАСНЫЙ)
6: 0 (КРАСНЫЙ)
7: 1 (СИНИЙ)
8: 0 (КРАСНЫЙ)
9: 3 (ЧЕТВЁРТЫЙ)
10: 2 (ЗЕЛЁНЫЙ)
11: 2 (ЗЕЛЁНЫЙ)
12: 1 (СИНИЙ)
13: 3 (ЧЕТВЁРТЫЙ)
14: 0 (КРАСНЫЙ)
15: 1 (СИНИЙ)
16: 1 (СИНИЙ)
17: 0 (КРАСНЫЙ)
18: 3 (ЧЕТВЁРТЫЙ)
19: 2 (ЗЕЛЁНЫЙ)
20: 2 (ЗЕЛЁНЫЙ)
21: 0 (КРАСНЫЙ)
22: 2 (ЗЕЛЁНЫЙ)
23: 3 (ЧЕТВЁРТЫЙ)
24: 1 (СИНИЙ)
25: 2 (ЗЕЛЁНЫЙ)
26: 2 (ЗЕЛЁНЫЙ)
27: 1 (СИНИЙ)
28: 1 (СИНИЙ)
29: 2 (ЗЕЛЁНЫЙ)
30: 0 (КРАСНЫЙ)
31: 0 (КРАСНЫЙ)
32: 3 (ЧЕТВЁРТЫЙ)
33: 3 (ЧЕТВЁРТЫЙ)
34: 2 (ЗЕЛЁНЫЙ)
35: 1 (СИНИЙ)
36: 3 (ЧЕТВЁРТЫЙ)
37: 2 (ЗЕЛЁНЫЙ)
38: 0 (КРАСНЫЙ)
39: 3 (ЧЕТВЁРТЫЙ)
40: 1 (СИНИЙ)
41: 1 (СИНИЙ)
42: 1 (СИНИЙ)
43: 3 (ЧЕТВЁРТЫЙ)
44: 0 (КРАСНЫЙ)
45: 2 (ЗЕЛЁНЫЙ)
46: 1 (СИНИЙ)
47: 3 (ЧЕТВЁРТЫЙ)
48: 2 (ЗЕЛЁНЫЙ)
49: 3 (ЧЕТВЁРТЫЙ)
50: 2 (ЗЕЛЁНЫЙ)
51: 0 (КРАСНЫЙ)
52: 3 (ЧЕТВЁРТЫЙ)
53: 2 (ЗЕЛЁНЫЙ)
54: 1 (СИНИЙ)
55: 0 (КРАСНЫЙ)
56: 1 (СИНИЙ)
57: 0 (КРАСНЫЙ)
58: 0 (КРАСНЫЙ)
59: 1 (СИНИЙ)
60: 0 (КРАСНЫЙ)
61: 3 (ЧЕТВЁРТЫЙ)
62: 0 (КРАСНЫЙ)
63: 1 (СИНИЙ)
64: 1 (СИНИЙ)
65: 3 (ЧЕТВЁРТЫЙ)
66: 3 (ЧЕТВЁРТЫЙ)
67: 2 (ЗЕЛЁНЫЙ)
68: 3 (ЧЕТВЁРТЫЙ)
69: 0 (КРАСНЫЙ)
70: 2 (ЗЕЛЁНЫЙ)
71: 2 (ЗЕЛЁНЫЙ)
72: 2 (ЗЕЛЁНЫЙ)
73: 2 (ЗЕЛЁНЫЙ)
74: 0 (КРАСНЫЙ)
75: 3 (ЧЕТВЁРТЫЙ)
76: 1 (СИНИЙ)
77: 3 (ЧЕТВЁРТЫЙ)
78: 2 (ЗЕЛЁНЫЙ)
79: 0 (КРАСНЫЙ)
80: 0 (КРАСНЫЙ)
81: 2 (ЗЕЛЁНЫЙ)
82: 1 (СИНИЙ)
83: 0 (КРАСНЫЙ)
84: 2 (ЗЕЛЁНЫЙ)
85: 1 (СИНИЙ)
86: 0 (КРАСНЫЙ)
87: 0 (КРАСНЫЙ)
88: 1 (СИНИЙ)
89: 1 (СИНИЙ)
90: 2 (ЗЕЛЁНЫЙ)
91: 3 (ЧЕТВЁРТЫЙ)
92: 2 (ЗЕЛЁНЫЙ)
93: 1 (СИНИЙ)
94: 1 (СИНИЙ)
95: 2 (ЗЕЛЁНЫЙ)
96: 1 (СИНИЙ)
97: 1 (СИНИЙ)
98: 1 (СИНИЙ)
99: 3 (ЧЕТВЁРТЫЙ)

================================================================================
РЕЗУЛЬТАТ ПРОВЕРКИ
================================================================================
Всего рёбер: 294
Проверено рёбер: 294
Конфликты: НЕТ
OK: КОНФЛИКТОВ НЕТ! Раскраска корректна.
