Лог-файл раскраски графа
Граф: graph_100_040
Дата: 2026-09-21 10:17:35
Статус: УСПЕШНО
Время выполнения: 12.48 секунд
================================================================================

Загружен граф: 100 вершин, 294 рёбер
Имя графа: graph_100_040
Файл: graphs100\graph_100_040.json

================================================================================
ГРАФ
================================================================================
Всего вершин: 100
Всего рёбер: 294

Вершины:
0
1
2
3
4
5
6
7
8
9
10
11
12
13
14
15
16
17
18
19
20
21
22
23
24
25
26
27
28
29
30
31
32
33
34
35
36
37
38
39
40
41
42
43
44
45
46
47
48
49
50
51
52
53
54
55
56
57
58
59
60
61
62
63
64
65
66
67
68
69
70
71
72
73
74
75
76
77
78
79
80
81
82
83
84
85
86
87
88
89
90
91
92
93
94
95
96
97
98
99

Рёбра:
0 8
0 29
0 45
0 58
0 61
0 78
0 85
1 9
1 28
1 55
1 73
1 92
1 97
2 47
2 49
2 64
2 74
2 95
3 34
3 35
3 65
3 86
3 89
4 6
4 12
4 22
4 65
4 93
5 6
5 12
5 21
5 26
5 33
5 57
5 87
6 12
6 56
6 87
6 93
7 38
7 39
7 69
7 84
8 29
8 45
9 21
9 28
9 37
9 46
9 55
9 79
9 96
10 30
10 31
10 62
10 67
10 68
10 72
11 24
11 36
11 50
11 52
11 80
11 94
12 26
12 54
12 65
12 73
13 24
13 34
13 56
13 80
13 93
13 94
14 35
14 41
14 42
14 53
14 71
14 89
15 47
15 49
15 59
15 63
15 86
15 92
15 97
16 20
16 23
16 51
16 67
16 72
16 81
17 19
17 27
17 29
17 40
17 83
17 85
17 99
18 19
18 29
18 45
18 47
18 58
18 74
18 79
18 98
19 29
19 74
19 77
19 99
20 23
20 30
20 48
20 67
21 26
21 28
21 33
21 37
22 34
22 65
22 93
23 48
23 75
23 81
24 50
24 56
24 90
24 94
25 57
25 70
25 87
25 90
26 28
26 54
27 40
27 51
27 61
27 83
28 54
28 73
29 45
29 85
30 48
30 67
30 68
30 82
31 60
31 62
31 68
31 76
31 77
31 99
32 51
32 72
32 88
33 37
33 46
33 57
33 66
34 65
34 80
34 89
34 93
35 42
35 60
35 86
35 89
36 43
36 50
36 52
36 53
36 84
37 46
38 44
38 69
38 84
39 51
39 61
39 69
39 75
39 81
39 84
39 91
40 51
40 88
40 99
41 52
41 53
41 80
41 89
42 60
42 71
42 82
43 53
43 71
43 84
44 69
44 71
44 84
44 91
45 58
46 66
46 96
47 49
47 59
47 74
47 98
48 71
48 75
48 82
49 63
49 95
50 70
50 84
50 90
51 61
51 72
51 81
51 88
52 53
52 80
53 71
54 73
55 79
55 92
56 87
56 90
56 93
57 61
57 66
57 70
57 84
57 87
58 61
58 66
58 79
58 96
59 79
59 92
59 98
60 68
60 76
60 82
60 86
61 66
61 78
61 83
61 84
62 72
62 88
62 99
63 76
63 86
63 95
64 74
64 77
64 95
65 73
65 86
65 97
66 96
67 72
68 82
69 91
70 84
70 90
71 75
71 82
71 84
71 91
72 88
73 97
74 77
75 81
75 91
76 77
76 86
76 95
77 95
77 99
78 83
78 85
79 92
79 96
79 98
80 89
80 94
83 85
86 97
87 90
88 99
92 97

================================================================================
РАСКРАСКА ПО ВЕРШИНАМ
================================================================================
0: 0 (КРАСНЫЙ)
1: 1 (СИНИЙ)
2: 0 (КРАСНЫЙ)
3: 0 (КРАСНЫЙ)
4: 0 (КРАСНЫЙ)
5: 0 (КРАСНЫЙ)
6: 3 (ЧЕТВЁРТЫЙ)
7: 1 (СИНИЙ)
8: 2 (ЗЕЛЁНЫЙ)
9: 3 (ЧЕТВЁРТЫЙ)
10: 3 (ЧЕТВЁРТЫЙ)
11: 3 (ЧЕТВЁРТЫЙ)
12: 1 (СИНИЙ)
13: 3 (ЧЕТВЁРТЫЙ)
14: 0 (КРАСНЫЙ)
15: 1 (СИНИЙ)
16: 0 (КРАСНЫЙ)
17: 0 (КРАСНЫЙ)
18: 0 (КРАСНЫЙ)
19: 1 (СИНИЙ)
20: 3 (ЧЕТВЁРТЫЙ)
21: 1 (СИНИЙ)
22: 3 (ЧЕТВЁРТЫЙ)
23: 1 (СИНИЙ)
24: 0 (КРАСНЫЙ)
25: 0 (КРАСНЫЙ)
26: 3 (ЧЕТВЁРТЫЙ)
27: 1 (СИНИЙ)
28: 0 (КРАСНЫЙ)
29: 3 (ЧЕТВЁРТЫЙ)
30: 0 (КРАСНЫЙ)
31: 1 (СИНИЙ)
32: 0 (КРАСНЫЙ)
33: 3 (ЧЕТВЁРТЫЙ)
34: 1 (СИНИЙ)
35: 1 (СИНИЙ)
36: 0 (КРАСНЫЙ)
37: 0 (КРАСНЫЙ)
38: 2 (ЗЕЛЁНЫЙ)
39: 0 (КРАСНЫЙ)
40: 2 (ЗЕЛЁНЫЙ)
41: 1 (СИНИЙ)
42: 2 (ЗЕЛЁНЫЙ)
43: 2 (ЗЕЛЁНЫЙ)
44: 0 (КРАСНЫЙ)
45: 1 (СИНИЙ)
46: 1 (СИНИЙ)
47: 3 (ЧЕТВЁРТЫЙ)
48: 2 (ЗЕЛЁНЫЙ)
49: 2 (ЗЕЛЁНЫЙ)
50: 1 (СИНИЙ)
51: 3 (ЧЕТВЁРТЫЙ)
52: 2 (ЗЕЛЁНЫЙ)
53: 3 (ЧЕТВЁРТЫЙ)
54: 2 (ЗЕЛЁНЫЙ)
55: 0 (КРАСНЫЙ)
56: 1 (СИНИЙ)
57: 1 (СИНИЙ)
58: 3 (ЧЕТВЁРТЫЙ)
59: 0 (КРАСНЫЙ)
60: 0 (КРАСНЫЙ)
61: 2 (ЗЕЛЁНЫЙ)
62: 0 (КРАСНЫЙ)
63: 0 (КРАСНЫЙ)
64: 1 (СИНИЙ)
65: 2 (ЗЕЛЁНЫЙ)
66: 0 (КРАСНЫЙ)
67: 1 (СИНИЙ)
68: 2 (ЗЕЛЁНЫЙ)
69: 3 (ЧЕТВЁРТЫЙ)
70: 2 (ЗЕЛЁНЫЙ)
71: 1 (СИНИЙ)
72: 2 (ЗЕЛЁНЫЙ)
73: 3 (ЧЕТВЁРТЫЙ)
74: 2 (ЗЕЛЁНЫЙ)
75: 3 (ЧЕТВЁРТЫЙ)
76: 2 (ЗЕЛЁНЫЙ)
77: 0 (КРАСНЫЙ)
78: 1 (СИНИЙ)
79: 1 (СИНИЙ)
80: 0 (КРАСНЫЙ)
81: 2 (ЗЕЛЁНЫЙ)
82: 3 (ЧЕТВЁРТЫЙ)
83: 3 (ЧЕТВЁРТЫЙ)
84: 3 (ЧЕТВЁРТЫЙ)
85: 2 (ЗЕЛЁНЫЙ)
86: 3 (ЧЕТВЁРТЫЙ)
87: 2 (ЗЕЛЁНЫЙ)
88: 1 (СИНИЙ)
89: 3 (ЧЕТВЁРТЫЙ)
90: 3 (ЧЕТВЁРТЫЙ)
91: 2 (ЗЕЛЁНЫЙ)
92: 3 (ЧЕТВЁРТЫЙ)
93: 2 (ЗЕЛЁНЫЙ)
94: 1 (СИНИЙ)
95: 3 (ЧЕТВЁРТЫЙ)
96: 2 (ЗЕЛЁНЫЙ)
97: 0 (КРАСНЫЙ)
98: 2 (ЗЕЛЁНЫЙ)
99: 3 (ЧЕТВЁРТЫЙ)

================================================================================
РЕЗУЛЬТАТ ПРОВЕРКИ
================================================================================
Всего рёбер: 294
Проверено рёбер: 294
Конфликты: НЕТ
OK: КОНФЛИКТОВ НЕТ! Раскраска корректна.
