Лог-файл раскраски графа
Граф: graph_100_041
Дата: 2026-09-21 10:17:46
Статус: УСПЕШНО
Время выполнения: 11.54 секунд
================================================================================

Загружен граф: 100 вершин, 294 рёбер
Имя графа: graph_100_041
Файл: graphs100\graph_100_041.json

================================================================================
ГРАФ
================================================================================
Всего вершин: 100
Всего рёбер: 294

Вершины:
0
1
2
3
4
5
6
7
8
9
10
11
12
13
14
15
16
17
18
19
20
21
22
23
24
25
26
27
28
29
30
31
32
33
34
35
36
37
38
39
40
41
42
43
44
45
46
47
48
49
50
51
52
53
54
55
56
57
58
59
60
61
62
63
64
65
66
67
68
69
70
71
72
73
74
75
76
77
78
79
80
81
82
83
84
85
86
87
88
89
90
91
92
93
94
95
96
97
98
99

Рёбра:
0 7
0 15
0 59
0 70
0 82
0 96
1 19
1 81
1 82
1 96
2 28
2 65
2 67
2 68
2 91
3 28
3 56
3 67
3 93
4 9
4 17
4 29
4 54
4 64
4 73
5 27
5 33
5 37
5 51
5 98
6 22
6 24
6 33
6 52
7 46
7 57
7 70
7 81
7 96
8 9
8 19
8 50
8 55
8 58
8 81
9 50
9 54
9 55
9 73
10 26
10 53
10 75
10 80
10 84
11 34
11 45
11 47
11 51
11 71
12 13
12 21
12 33
12 52
12 56
12 67
12 85
12 91
13 16
13 21
13 36
13 56
13 87
14 28
14 62
14 78
14 88
14 93
14 97
15 40
15 42
15 59
15 82
16 20
16 38
16 56
16 87
17 29
17 54
17 60
17 66
17 77
18 25
18 41
18 44
18 75
18 84
18 86
18 99
19 48
19 54
19 55
19 77
19 81
19 82
20 38
20 41
20 56
20 92
20 93
20 94
20 95
21 33
21 36
21 45
21 71
22 24
22 27
22 33
22 59
22 98
23 30
23 31
23 63
23 99
24 40
24 49
24 52
24 59
24 69
25 41
25 44
25 95
26 39
26 47
26 53
26 79
26 80
27 33
27 98
28 65
28 67
28 88
28 93
29 30
29 43
29 60
29 63
29 64
29 82
29 86
30 63
30 86
30 99
31 43
31 63
31 75
31 89
31 99
32 40
32 42
32 49
32 68
32 69
33 51
33 52
33 71
34 37
34 47
34 50
34 51
34 58
34 74
35 36
35 45
35 47
35 79
35 87
36 45
36 87
37 46
37 51
37 61
37 74
37 98
38 41
38 53
38 79
38 87
39 47
39 64
39 73
39 80
39 90
40 42
40 59
40 69
41 53
41 84
41 95
42 68
42 82
43 63
43 64
43 75
43 90
44 86
44 95
45 47
45 71
46 57
46 61
46 74
46 81
47 50
47 73
47 79
48 66
48 77
48 82
49 52
49 68
49 69
49 85
50 58
50 73
51 71
52 85
53 79
53 84
54 55
54 77
56 67
56 93
57 61
57 70
58 74
58 81
59 70
59 98
60 66
60 82
61 70
61 98
62 76
62 78
62 83
62 88
64 73
64 90
65 68
65 76
65 88
66 77
66 82
67 91
68 76
68 82
68 83
68 85
68 91
70 98
72 83
72 86
72 92
72 94
72 97
74 81
75 80
75 84
75 89
75 90
75 99
76 83
76 88
78 83
78 97
79 87
80 90
81 96
82 83
82 86
82 96
83 86
83 97
85 91
86 92
86 95
86 99
89 99
92 94
92 95
93 94
93 97
94 97

================================================================================
РАСКРАСКА ПО ВЕРШИНАМ
================================================================================
0: 0 (КРАСНЫЙ)
1: 1 (СИНИЙ)
2: 0 (КРАСНЫЙ)
3: 1 (СИНИЙ)
4: 2 (ЗЕЛЁНЫЙ)
5: 0 (КРАСНЫЙ)
6: 1 (СИНИЙ)
7: 1 (СИНИЙ)
8: 1 (СИНИЙ)
9: 3 (ЧЕТВЁРТЫЙ)
10: 0 (КРАСНЫЙ)
11: 0 (КРАСНЫЙ)
12: 1 (СИНИЙ)
13: 2 (ЗЕЛЁНЫЙ)
14: 0 (КРАСНЫЙ)
15: 2 (ЗЕЛЁНЫЙ)
16: 1 (СИНИЙ)
17: 3 (ЧЕТВЁРТЫЙ)
18: 0 (КРАСНЫЙ)
19: 0 (КРАСНЫЙ)
20: 3 (ЧЕТВЁРТЫЙ)
21: 0 (КРАСНЫЙ)
22: 0 (КРАСНЫЙ)
23: 1 (СИНИЙ)
24: 2 (ЗЕЛЁНЫЙ)
25: 3 (ЧЕТВЁРТЫЙ)
26: 1 (СИНИЙ)
27: 1 (СИНИЙ)
28: 3 (ЧЕТВЁРТЫЙ)
29: 0 (КРАСНЫЙ)
30: 2 (ЗЕЛЁНЫЙ)
31: 0 (КРАСНЫЙ)
32: 2 (ЗЕЛЁНЫЙ)
33: 3 (ЧЕТВЁРТЫЙ)
34: 1 (СИНИЙ)
35: 0 (КРАСНЫЙ)
36: 1 (СИНИЙ)
37: 3 (ЧЕТВЁРТЫЙ)
38: 0 (КРАСНЫЙ)
39: 2 (ЗЕЛЁНЫЙ)
40: 3 (ЧЕТВЁРТЫЙ)
41: 1 (СИНИЙ)
42: 0 (КРАСНЫЙ)
43: 2 (ЗЕЛЁНЫЙ)
44: 2 (ЗЕЛЁНЫЙ)
45: 2 (ЗЕЛЁНЫЙ)
46: 0 (КРАСНЫЙ)
47: 3 (ЧЕТВЁРТЫЙ)
48: 1 (СИНИЙ)
49: 3 (ЧЕТВЁРТЫЙ)
50: 2 (ЗЕЛЁНЫЙ)
51: 2 (ЗЕЛЁНЫЙ)
52: 0 (КРАСНЫЙ)
53: 3 (ЧЕТВЁРТЫЙ)
54: 1 (СИНИЙ)
55: 2 (ЗЕЛЁНЫЙ)
56: 0 (КРАСНЫЙ)
57: 2 (ЗЕЛЁНЫЙ)
58: 0 (КРАСНЫЙ)
59: 1 (СИНИЙ)
60: 1 (СИНИЙ)
61: 1 (СИНИЙ)
62: 2 (ЗЕЛЁНЫЙ)
63: 3 (ЧЕТВЁРТЫЙ)
64: 3 (ЧЕТВЁРТЫЙ)
65: 2 (ЗЕЛЁНЫЙ)
66: 0 (КРАСНЫЙ)
67: 2 (ЗЕЛЁНЫЙ)
68: 1 (СИНИЙ)
69: 0 (КРАСНЫЙ)
70: 3 (ЧЕТВЁРТЫЙ)
71: 1 (СИНИЙ)
72: 3 (ЧЕТВЁРТЫЙ)
73: 0 (КРАСНЫЙ)
74: 2 (ЗЕЛЁНЫЙ)
75: 1 (СИНИЙ)
76: 3 (ЧЕТВЁРТЫЙ)
77: 2 (ЗЕЛЁНЫЙ)
78: 3 (ЧЕТВЁРТЫЙ)
79: 2 (ЗЕЛЁНЫЙ)
80: 3 (ЧЕТВЁРТЫЙ)
81: 3 (ЧЕТВЁРТЫЙ)
82: 3 (ЧЕТВЁРТЫЙ)
83: 0 (КРАСНЫЙ)
84: 2 (ЗЕЛЁНЫЙ)
85: 2 (ЗЕЛЁНЫЙ)
86: 1 (СИНИЙ)
87: 3 (ЧЕТВЁРТЫЙ)
88: 1 (СИНИЙ)
89: 2 (ЗЕЛЁНЫЙ)
90: 0 (КРАСНЫЙ)
91: 3 (ЧЕТВЁРТЫЙ)
92: 2 (ЗЕЛЁНЫЙ)
93: 2 (ЗЕЛЁНЫЙ)
94: 0 (КРАСНЫЙ)
95: 0 (КРАСНЫЙ)
96: 2 (ЗЕЛЁНЫЙ)
97: 1 (СИНИЙ)
98: 2 (ЗЕЛЁНЫЙ)
99: 3 (ЧЕТВЁРТЫЙ)

================================================================================
РЕЗУЛЬТАТ ПРОВЕРКИ
================================================================================
Всего рёбер: 294
Проверено рёбер: 294
Конфликты: НЕТ
OK: КОНФЛИКТОВ НЕТ! Раскраска корректна.
