Лог-файл раскраски графа
Граф: graph_100_099
Дата: 2026-09-21 10:42:34
Статус: УСПЕШНО
Время выполнения: 12.13 секунд
================================================================================

Загружен граф: 100 вершин, 294 рёбер
Имя графа: graph_100_099
Файл: graphs100\graph_100_099.json

================================================================================
ГРАФ
================================================================================
Всего вершин: 100
Всего рёбер: 294

Вершины:
0
1
2
3
4
5
6
7
8
9
10
11
12
13
14
15
16
17
18
19
20
21
22
23
24
25
26
27
28
29
30
31
32
33
34
35
36
37
38
39
40
41
42
43
44
45
46
47
48
49
50
51
52
53
54
55
56
57
58
59
60
61
62
63
64
65
66
67
68
69
70
71
72
73
74
75
76
77
78
79
80
81
82
83
84
85
86
87
88
89
90
91
92
93
94
95
96
97
98
99

Рёбра:
0 25
0 40
0 44
0 62
0 64
0 65
1 4
1 29
1 35
1 92
1 93
2 18
2 44
2 49
2 60
2 62
3 17
3 36
3 42
3 56
3 82
4 17
4 35
4 52
4 93
5 37
5 49
5 50
5 57
5 60
5 81
6 10
6 30
6 40
6 55
6 87
6 98
6 99
7 12
7 72
7 78
7 96
8 18
8 31
8 52
8 72
8 78
9 11
9 19
9 26
9 34
9 73
9 74
10 30
10 34
10 39
10 73
10 79
10 87
10 95
11 26
11 28
11 34
11 68
11 79
11 90
11 97
12 29
12 45
12 63
12 71
12 72
12 84
12 96
13 16
13 20
13 32
13 69
13 84
13 88
13 93
14 16
14 36
14 53
14 56
15 42
15 46
15 47
15 59
15 67
16 20
16 32
16 36
16 51
16 53
17 20
17 36
17 52
17 75
17 82
17 93
18 31
18 37
18 44
18 60
18 78
18 96
19 23
19 26
19 74
20 36
20 93
21 28
21 30
21 40
21 61
21 65
21 86
22 27
22 37
22 38
22 50
22 77
23 26
23 31
23 68
23 74
23 76
23 90
24 33
24 48
24 51
24 53
24 55
24 99
25 40
25 45
25 48
25 55
25 64
25 98
26 90
27 31
27 37
27 38
27 76
28 30
28 54
28 61
28 79
28 97
29 35
29 71
29 84
29 92
29 94
30 40
30 79
31 37
31 52
31 74
31 76
32 43
32 51
32 63
32 69
33 42
33 47
33 53
33 56
33 99
34 73
34 79
35 52
35 94
36 56
37 50
37 60
38 41
38 70
38 76
38 77
39 46
39 85
39 87
39 89
39 91
39 95
40 65
40 98
41 50
41 57
41 70
41 77
42 47
42 56
42 59
42 75
42 82
43 45
43 48
43 51
43 63
44 62
44 64
44 96
45 48
45 63
45 64
45 96
46 47
46 67
46 85
46 91
47 91
47 99
48 51
48 55
49 60
49 62
49 65
49 80
49 81
50 57
50 77
51 53
52 72
52 74
52 75
52 94
53 56
54 58
54 61
54 70
54 83
54 97
55 98
55 99
57 66
57 70
57 81
58 70
58 76
58 83
59 67
59 75
61 66
61 70
61 86
62 65
63 69
63 84
63 88
64 96
65 80
65 86
66 70
66 80
66 81
66 86
67 74
67 75
67 85
68 76
68 83
68 90
68 97
69 88
70 76
71 72
71 94
72 78
72 94
73 74
73 85
73 95
74 75
74 85
75 82
76 83
78 96
80 81
80 86
83 97
84 88
84 92
84 93
85 95
87 89
87 91
87 99
89 91
91 99
92 93

================================================================================
РАСКРАСКА ПО ВЕРШИНАМ
================================================================================
0: 3 (ЧЕТВЁРТЫЙ)
1: 0 (КРАСНЫЙ)
2: 2 (ЗЕЛЁНЫЙ)
3: 1 (СИНИЙ)
4: 1 (СИНИЙ)
5: 0 (КРАСНЫЙ)
6: 0 (КРАСНЫЙ)
7: 0 (КРАСНЫЙ)
8: 2 (ЗЕЛЁНЫЙ)
9: 0 (КРАСНЫЙ)
10: 3 (ЧЕТВЁРТЫЙ)
11: 3 (ЧЕТВЁРТЫЙ)
12: 2 (ЗЕЛЁНЫЙ)
13: 3 (ЧЕТВЁРТЫЙ)
14: 1 (СИНИЙ)
15: 1 (СИНИЙ)
16: 0 (КРАСНЫЙ)
17: 3 (ЧЕТВЁРТЫЙ)
18: 0 (КРАСНЫЙ)
19: 2 (ЗЕЛЁНЫЙ)
20: 1 (СИНИЙ)
21: 3 (ЧЕТВЁРТЫЙ)
22: 2 (ЗЕЛЁНЫЙ)
23: 0 (КРАСНЫЙ)
24: 0 (КРАСНЫЙ)
25: 0 (КРАСНЫЙ)
26: 1 (СИНИЙ)
27: 0 (КРАСНЫЙ)
28: 0 (КРАСНЫЙ)
29: 3 (ЧЕТВЁРТЫЙ)
30: 1 (СИНИЙ)
31: 1 (СИНИЙ)
32: 1 (СИНИЙ)
33: 1 (СИНИЙ)
34: 1 (СИНИЙ)
35: 2 (ЗЕЛЁНЫЙ)
36: 2 (ЗЕЛЁНЫЙ)
37: 3 (ЧЕТВЁРТЫЙ)
38: 1 (СИНИЙ)
39: 2 (ЗЕЛЁНЫЙ)
40: 2 (ЗЕЛЁНЫЙ)
41: 3 (ЧЕТВЁРТЫЙ)
42: 3 (ЧЕТВЁРТЫЙ)
43: 0 (КРАСНЫЙ)
44: 1 (СИНИЙ)
45: 1 (СИНИЙ)
46: 3 (ЧЕТВЁРТЫЙ)
47: 2 (ЗЕЛЁНЫЙ)
48: 3 (ЧЕТВЁРТЫЙ)
49: 3 (ЧЕТВЁРТЫЙ)
50: 1 (СИНИЙ)
51: 2 (ЗЕЛЁНЫЙ)
52: 0 (КРАСНЫЙ)
53: 3 (ЧЕТВЁРТЫЙ)
54: 3 (ЧЕТВЁРТЫЙ)
55: 1 (СИНИЙ)
56: 0 (КРАСНЫЙ)
57: 2 (ЗЕЛЁНЫЙ)
58: 1 (СИНИЙ)
59: 2 (ЗЕЛЁНЫЙ)
60: 1 (СИНИЙ)
61: 1 (СИНИЙ)
62: 0 (КРАСНЫЙ)
63: 3 (ЧЕТВЁРТЫЙ)
64: 2 (ЗЕЛЁНЫЙ)
65: 1 (СИНИЙ)
66: 3 (ЧЕТВЁРТЫЙ)
67: 0 (КРАСНЫЙ)
68: 1 (СИНИЙ)
69: 0 (КРАСНЫЙ)
70: 0 (КРАСНЫЙ)
71: 0 (КРАСНЫЙ)
72: 3 (ЧЕТВЁРТЫЙ)
73: 2 (ЗЕЛЁНЫЙ)
74: 3 (ЧЕТВЁРТЫЙ)
75: 1 (СИНИЙ)
76: 3 (ЧЕТВЁРТЫЙ)
77: 0 (КРАСНЫЙ)
78: 1 (СИНИЙ)
79: 2 (ЗЕЛЁНЫЙ)
80: 0 (КРАСНЫЙ)
81: 1 (СИНИЙ)
82: 0 (КРАСНЫЙ)
83: 0 (КРАСНЫЙ)
84: 0 (КРАСНЫЙ)
85: 1 (СИНИЙ)
86: 2 (ЗЕЛЁНЫЙ)
87: 1 (СИНИЙ)
88: 1 (СИНИЙ)
89: 3 (ЧЕТВЁРТЫЙ)
90: 2 (ЗЕЛЁНЫЙ)
91: 0 (КРАСНЫЙ)
92: 1 (СИНИЙ)
93: 2 (ЗЕЛЁНЫЙ)
94: 1 (СИНИЙ)
95: 0 (КРАСНЫЙ)
96: 3 (ЧЕТВЁРТЫЙ)
97: 2 (ЗЕЛЁНЫЙ)
98: 3 (ЧЕТВЁРТЫЙ)
99: 3 (ЧЕТВЁРТЫЙ)

================================================================================
РЕЗУЛЬТАТ ПРОВЕРКИ
================================================================================
Всего рёбер: 294
Проверено рёбер: 294
Конфликты: НЕТ
OK: КОНФЛИКТОВ НЕТ! Раскраска корректна.
