Лог-файл раскраски графа
Граф: graph_100_064
Дата: 2026-09-21 10:27:04
Статус: УСПЕШНО
Время выполнения: 12.37 секунд
================================================================================

Загружен граф: 100 вершин, 294 рёбер
Имя графа: graph_100_064
Файл: graphs100\graph_100_064.json

================================================================================
ГРАФ
================================================================================
Всего вершин: 100
Всего рёбер: 294

Вершины:
0
1
2
3
4
5
6
7
8
9
10
11
12
13
14
15
16
17
18
19
20
21
22
23
24
25
26
27
28
29
30
31
32
33
34
35
36
37
38
39
40
41
42
43
44
45
46
47
48
49
50
51
52
53
54
55
56
57
58
59
60
61
62
63
64
65
66
67
68
69
70
71
72
73
74
75
76
77
78
79
80
81
82
83
84
85
86
87
88
89
90
91
92
93
94
95
96
97
98
99

Рёбра:
0 20
0 35
0 36
0 58
0 61
1 4
1 31
1 52
1 65
1 72
2 18
2 19
2 43
2 76
2 92
3 18
3 60
3 82
4 43
4 44
4 65
4 72
4 92
4 95
5 20
5 27
5 31
5 40
5 52
5 62
5 96
6 14
6 21
6 50
6 57
6 74
6 91
7 11
7 22
7 37
7 55
7 59
7 66
7 77
8 47
8 77
8 85
8 98
9 12
9 35
9 78
9 82
10 17
10 39
10 49
10 51
10 63
10 74
10 88
11 47
11 66
11 77
11 78
12 35
12 36
12 47
12 78
12 85
13 21
13 49
13 54
13 69
13 71
13 79
13 83
13 87
14 21
14 44
14 57
14 80
15 30
15 37
15 59
15 86
15 94
16 24
16 41
16 48
16 62
16 96
17 26
17 38
17 42
17 51
17 88
18 19
18 35
18 60
18 76
18 82
19 35
19 58
19 92
19 95
20 31
20 40
20 58
20 61
20 72
21 28
21 44
21 49
21 65
21 74
21 79
22 59
22 66
22 78
22 86
23 41
23 46
23 56
23 99
24 41
24 46
24 56
24 75
24 90
24 96
25 34
25 45
25 70
25 73
25 93
26 42
26 50
26 51
26 57
26 91
27 48
27 52
27 62
28 52
28 65
28 69
28 79
29 39
29 83
29 87
29 99
30 37
30 38
30 42
30 88
30 94
31 52
31 72
32 33
32 46
32 84
32 90
32 97
33 45
33 61
33 64
33 84
33 89
33 93
33 97
34 45
34 68
34 70
34 73
34 98
35 36
35 58
35 82
36 61
36 64
36 67
36 81
36 85
37 53
37 55
37 59
37 88
38 42
38 88
39 49
39 83
39 88
39 99
40 61
40 75
40 84
40 90
40 96
41 48
41 56
41 87
41 99
42 57
42 76
42 94
43 44
43 76
43 80
43 92
44 65
44 80
45 46
45 89
45 93
45 98
46 56
46 89
46 90
46 97
46 98
46 99
47 77
47 78
47 85
48 52
48 54
48 62
48 71
48 87
49 63
49 74
49 83
50 51
50 74
50 91
51 74
52 54
52 65
52 69
53 55
53 88
54 69
54 71
55 77
55 88
57 76
57 80
57 91
58 72
58 95
59 86
60 76
60 82
60 86
60 94
61 64
61 84
62 96
63 74
64 81
64 93
66 78
67 68
67 81
67 85
67 98
68 70
68 81
68 93
68 98
69 79
70 73
70 93
71 87
72 95
75 90
75 96
76 80
76 94
77 88
77 98
78 82
78 86
81 93
82 86
83 87
84 90
85 98
86 94
87 99
88 98
88 99
89 97
92 95
98 99

================================================================================
РАСКРАСКА ПО ВЕРШИНАМ
================================================================================
0: 3 (ЧЕТВЁРТЫЙ)
1: 3 (ЧЕТВЁРТЫЙ)
2: 0 (КРАСНЫЙ)
3: 1 (СИНИЙ)
4: 0 (КРАСНЫЙ)
5: 3 (ЧЕТВЁРТЫЙ)
6: 0 (КРАСНЫЙ)
7: 1 (СИНИЙ)
8: 0 (КРАСНЫЙ)
9: 1 (СИНИЙ)
10: 3 (ЧЕТВЁРТЫЙ)
11: 0 (КРАСНЫЙ)
12: 2 (ЗЕЛЁНЫЙ)
13: 0 (КРАСНЫЙ)
14: 2 (ЗЕЛЁНЫЙ)
15: 0 (КРАСНЫЙ)
16: 0 (КРАСНЫЙ)
17: 1 (СИНИЙ)
18: 3 (ЧЕТВЁРТЫЙ)
19: 1 (СИНИЙ)
20: 0 (КРАСНЫЙ)
21: 3 (ЧЕТВЁРТЫЙ)
22: 0 (КРАСНЫЙ)
23: 0 (КРАСНЫЙ)
24: 3 (ЧЕТВЁРТЫЙ)
25: 1 (СИНИЙ)
26: 2 (ЗЕЛЁНЫЙ)
27: 2 (ЗЕЛЁНЫЙ)
28: 1 (СИНИЙ)
29: 0 (КРАСНЫЙ)
30: 1 (СИНИЙ)
31: 2 (ЗЕЛЁНЫЙ)
32: 0 (КРАСНЫЙ)
33: 1 (СИНИЙ)
34: 0 (КРАСНЫЙ)
35: 0 (КРАСНЫЙ)
36: 1 (СИНИЙ)
37: 3 (ЧЕТВЁРТЫЙ)
38: 3 (ЧЕТВЁРТЫЙ)
39: 1 (СИНИЙ)
40: 1 (СИНИЙ)
41: 1 (СИНИЙ)
42: 0 (КРАСНЫЙ)
43: 3 (ЧЕТВЁРТЫЙ)
44: 1 (СИНИЙ)
45: 3 (ЧЕТВЁРТЫЙ)
46: 1 (СИНИЙ)
47: 1 (СИНИЙ)
48: 3 (ЧЕТВЁРТЫЙ)
49: 2 (ЗЕЛЁНЫЙ)
50: 3 (ЧЕТВЁРТЫЙ)
51: 0 (КРАСНЫЙ)
52: 0 (КРАСНЫЙ)
53: 1 (СИНИЙ)
54: 2 (ЗЕЛЁНЫЙ)
55: 2 (ЗЕЛЁНЫЙ)
56: 2 (ЗЕЛЁНЫЙ)
57: 3 (ЧЕТВЁРТЫЙ)
58: 2 (ЗЕЛЁНЫЙ)
59: 2 (ЗЕЛЁНЫЙ)
60: 0 (КРАСНЫЙ)
61: 2 (ЗЕЛЁНЫЙ)
62: 1 (СИНИЙ)
63: 0 (КРАСНЫЙ)
64: 3 (ЧЕТВЁРТЫЙ)
65: 2 (ЗЕЛЁНЫЙ)
66: 2 (ЗЕЛЁНЫЙ)
67: 0 (КРАСНЫЙ)
68: 3 (ЧЕТВЁРТЫЙ)
69: 3 (ЧЕТВЁРТЫЙ)
70: 2 (ЗЕЛЁНЫЙ)
71: 1 (СИНИЙ)
72: 1 (СИНИЙ)
73: 3 (ЧЕТВЁРТЫЙ)
74: 1 (СИНИЙ)
75: 0 (КРАСНЫЙ)
76: 1 (СИНИЙ)
77: 3 (ЧЕТВЁРТЫЙ)
78: 3 (ЧЕТВЁРТЫЙ)
79: 2 (ЗЕЛЁНЫЙ)
80: 0 (КРАСНЫЙ)
81: 2 (ЗЕЛЁНЫЙ)
82: 2 (ЗЕЛЁНЫЙ)
83: 3 (ЧЕТВЁРТЫЙ)
84: 3 (ЧЕТВЁРТЫЙ)
85: 3 (ЧЕТВЁРТЫЙ)
86: 1 (СИНИЙ)
87: 2 (ЗЕЛЁНЫЙ)
88: 0 (КРАСНЫЙ)
89: 0 (КРАСНЫЙ)
90: 2 (ЗЕЛЁНЫЙ)
91: 1 (СИНИЙ)
92: 2 (ЗЕЛЁНЫЙ)
93: 0 (КРАСНЫЙ)
94: 3 (ЧЕТВЁРТЫЙ)
95: 3 (ЧЕТВЁРТЫЙ)
96: 2 (ЗЕЛЁНЫЙ)
97: 3 (ЧЕТВЁРТЫЙ)
98: 2 (ЗЕЛЁНЫЙ)
99: 3 (ЧЕТВЁРТЫЙ)

================================================================================
РЕЗУЛЬТАТ ПРОВЕРКИ
================================================================================
Всего рёбер: 294
Проверено рёбер: 294
Конфликты: НЕТ
OK: КОНФЛИКТОВ НЕТ! Раскраска корректна.
