Лог-файл раскраски графа
Граф: graph_100_094
Дата: 2026-09-21 10:40:53
Статус: УСПЕШНО
Время выполнения: 11.28 секунд
================================================================================

Загружен граф: 100 вершин, 294 рёбер
Имя графа: graph_100_094
Файл: graphs100\graph_100_094.json

================================================================================
ГРАФ
================================================================================
Всего вершин: 100
Всего рёбер: 294

Вершины:
0
1
2
3
4
5
6
7
8
9
10
11
12
13
14
15
16
17
18
19
20
21
22
23
24
25
26
27
28
29
30
31
32
33
34
35
36
37
38
39
40
41
42
43
44
45
46
47
48
49
50
51
52
53
54
55
56
57
58
59
60
61
62
63
64
65
66
67
68
69
70
71
72
73
74
75
76
77
78
79
80
81
82
83
84
85
86
87
88
89
90
91
92
93
94
95
96
97
98
99

Рёбра:
0 31
0 32
0 34
0 39
0 53
0 78
0 97
1 10
1 14
1 53
1 64
1 71
1 78
1 87
2 35
2 75
2 94
3 12
3 15
3 17
3 29
3 33
3 96
4 14
4 25
4 56
4 57
4 72
4 77
4 93
5 21
5 37
5 57
5 77
5 93
6 10
6 15
6 26
6 38
6 59
6 64
6 67
6 90
7 13
7 19
7 28
7 45
7 54
7 69
7 85
7 91
8 20
8 23
8 24
8 60
8 85
9 73
9 74
9 79
9 99
10 15
10 33
10 64
10 71
10 75
11 51
11 62
11 74
11 83
11 88
11 99
12 15
12 29
12 49
12 55
13 69
13 88
13 91
13 99
14 38
14 56
14 57
14 64
14 67
14 87
15 26
15 33
15 55
16 18
16 44
16 47
16 63
17 33
17 86
17 94
17 96
18 36
18 47
18 49
18 50
18 63
19 20
19 54
19 60
19 85
20 60
20 85
21 37
21 57
21 59
21 90
22 28
22 34
22 39
22 45
23 24
23 84
23 85
24 60
24 61
24 72
24 84
25 40
25 56
25 72
26 37
26 55
26 90
27 34
27 35
27 71
27 75
27 78
27 98
28 34
28 41
28 45
28 69
28 98
29 49
29 58
29 96
30 51
30 54
30 60
30 62
30 73
30 83
31 32
31 40
31 56
31 80
31 87
31 97
32 53
32 87
33 75
33 94
34 39
34 78
34 98
35 75
35 89
35 94
35 98
36 49
36 50
36 52
37 55
37 90
37 93
38 64
38 67
39 45
39 68
39 82
39 84
39 97
40 56
40 66
40 72
40 80
41 69
41 79
41 81
41 89
41 98
42 43
42 44
42 47
42 70
42 76
43 70
43 76
43 79
44 47
44 63
44 76
45 84
45 85
46 66
46 80
46 97
47 49
47 70
47 73
48 50
48 52
48 58
48 86
48 92
48 96
49 52
49 55
49 58
49 60
49 73
50 52
50 63
50 76
50 92
51 54
51 65
51 83
51 88
51 91
52 58
53 78
53 87
54 60
54 65
54 91
55 60
55 93
56 87
57 59
57 67
57 77
58 96
59 67
59 90
60 72
60 73
60 93
61 66
61 72
61 82
61 84
61 97
62 73
62 74
62 83
63 76
65 91
66 72
66 80
66 97
68 82
68 84
69 79
69 99
70 73
70 79
71 75
71 78
72 93
73 74
73 79
74 99
75 94
76 79
76 89
76 92
76 95
77 93
79 81
79 89
79 99
80 97
81 89
82 84
82 97
84 85
86 89
86 92
86 94
86 95
86 96
88 91
88 99
89 94
89 95
89 98
92 95

================================================================================
РАСКРАСКА ПО ВЕРШИНАМ
================================================================================
0: 1 (СИНИЙ)
1: 1 (СИНИЙ)
2: 2 (ЗЕЛЁНЫЙ)
3: 0 (КРАСНЫЙ)
4: 0 (КРАСНЫЙ)
5: 0 (КРАСНЫЙ)
6: 3 (ЧЕТВЁРТЫЙ)
7: 3 (ЧЕТВЁРТЫЙ)
8: 0 (КРАСНЫЙ)
9: 1 (СИНИЙ)
10: 0 (КРАСНЫЙ)
11: 0 (КРАСНЫЙ)
12: 1 (СИНИЙ)
13: 0 (КРАСНЫЙ)
14: 3 (ЧЕТВЁРТЫЙ)
15: 2 (ЗЕЛЁНЫЙ)
16: 0 (КРАСНЫЙ)
17: 1 (СИНИЙ)
18: 3 (ЧЕТВЁРТЫЙ)
19: 0 (КРАСНЫЙ)
20: 3 (ЧЕТВЁРТЫЙ)
21: 3 (ЧЕТВЁРТЫЙ)
22: 1 (СИНИЙ)
23: 2 (ЗЕЛЁНЫЙ)
24: 1 (СИНИЙ)
25: 1 (СИНИЙ)
26: 0 (КРАСНЫЙ)
27: 0 (КРАСНЫЙ)
28: 2 (ЗЕЛЁНЫЙ)
29: 3 (ЧЕТВЁРТЫЙ)
30: 0 (КРАСНЫЙ)
31: 3 (ЧЕТВЁРТЫЙ)
32: 2 (ЗЕЛЁНЫЙ)
33: 3 (ЧЕТВЁРТЫЙ)
34: 3 (ЧЕТВЁРТЫЙ)
35: 3 (ЧЕТВЁРТЫЙ)
36: 1 (СИНИЙ)
37: 2 (ЗЕЛЁНЫЙ)
38: 0 (КРАСНЫЙ)
39: 2 (ЗЕЛЁНЫЙ)
40: 0 (КРАСНЫЙ)
41: 3 (ЧЕТВЁРТЫЙ)
42: 0 (КРАСНЫЙ)
43: 1 (СИНИЙ)
44: 2 (ЗЕЛЁНЫЙ)
45: 0 (КРАСНЫЙ)
46: 3 (ЧЕТВЁРТЫЙ)
47: 1 (СИНИЙ)
48: 0 (КРАСНЫЙ)
49: 0 (КРАСНЫЙ)
50: 2 (ЗЕЛЁНЫЙ)
51: 3 (ЧЕТВЁРТЫЙ)
52: 3 (ЧЕТВЁРТЫЙ)
53: 3 (ЧЕТВЁРТЫЙ)
54: 1 (СИНИЙ)
55: 3 (ЧЕТВЁРТЫЙ)
56: 2 (ЗЕЛЁНЫЙ)
57: 1 (СИНИЙ)
58: 1 (СИНИЙ)
59: 0 (КРАСНЫЙ)
60: 2 (ЗЕЛЁНЫЙ)
61: 2 (ЗЕЛЁНЫЙ)
62: 1 (СИНИЙ)
63: 1 (СИНИЙ)
64: 2 (ЗЕЛЁНЫЙ)
65: 0 (КРАСНЫЙ)
66: 1 (СИНИЙ)
67: 2 (ЗЕЛЁНЫЙ)
68: 0 (КРАСНЫЙ)
69: 1 (СИНИЙ)
70: 2 (ЗЕЛЁНЫЙ)
71: 3 (ЧЕТВЁРТЫЙ)
72: 3 (ЧЕТВЁРТЫЙ)
73: 3 (ЧЕТВЁРТЫЙ)
74: 2 (ЗЕЛЁНЫЙ)
75: 1 (СИНИЙ)
76: 3 (ЧЕТВЁРТЫЙ)
77: 3 (ЧЕТВЁРТЫЙ)
78: 2 (ЗЕЛЁНЫЙ)
79: 0 (КРАСНЫЙ)
80: 2 (ЗЕЛЁНЫЙ)
81: 1 (СИНИЙ)
82: 1 (СИНИЙ)
83: 2 (ЗЕЛЁНЫЙ)
84: 3 (ЧЕТВЁРТЫЙ)
85: 1 (СИНИЙ)
86: 3 (ЧЕТВЁРТЫЙ)
87: 0 (КРАСНЫЙ)
88: 1 (СИНИЙ)
89: 2 (ЗЕЛЁНЫЙ)
90: 1 (СИНИЙ)
91: 2 (ЗЕЛЁНЫЙ)
92: 1 (СИНИЙ)
93: 1 (СИНИЙ)
94: 0 (КРАСНЫЙ)
95: 0 (КРАСНЫЙ)
96: 2 (ЗЕЛЁНЫЙ)
97: 0 (КРАСНЫЙ)
98: 1 (СИНИЙ)
99: 3 (ЧЕТВЁРТЫЙ)

================================================================================
РЕЗУЛЬТАТ ПРОВЕРКИ
================================================================================
Всего рёбер: 294
Проверено рёбер: 294
Конфликты: НЕТ
OK: КОНФЛИКТОВ НЕТ! Раскраска корректна.
