Лог-файл раскраски графа
Граф: graph_100_047
Дата: 2026-09-21 10:19:00
Статус: УСПЕШНО
Время выполнения: 13.73 секунд
================================================================================

Загружен граф: 100 вершин, 294 рёбер
Имя графа: graph_100_047
Файл: graphs100\graph_100_047.json

================================================================================
ГРАФ
================================================================================
Всего вершин: 100
Всего рёбер: 294

Вершины:
0
1
2
3
4
5
6
7
8
9
10
11
12
13
14
15
16
17
18
19
20
21
22
23
24
25
26
27
28
29
30
31
32
33
34
35
36
37
38
39
40
41
42
43
44
45
46
47
48
49
50
51
52
53
54
55
56
57
58
59
60
61
62
63
64
65
66
67
68
69
70
71
72
73
74
75
76
77
78
79
80
81
82
83
84
85
86
87
88
89
90
91
92
93
94
95
96
97
98
99

Рёбра:
0 8
0 16
0 59
0 87
0 94
1 3
1 18
1 45
1 48
1 78
1 89
2 17
2 36
2 50
2 52
2 60
2 84
2 95
3 7
3 25
3 34
3 45
3 78
4 7
4 18
4 30
4 78
4 91
5 11
5 51
5 61
5 62
5 71
6 21
6 22
6 61
6 62
6 71
6 77
6 80
7 15
7 20
7 25
7 30
7 78
8 33
8 87
8 94
8 99
9 71
9 77
9 82
10 31
10 41
10 43
10 58
11 31
11 41
11 51
11 55
11 61
11 70
11 85
12 35
12 49
12 60
12 86
13 17
13 23
13 50
13 65
14 20
14 28
14 37
14 64
14 71
14 85
15 20
15 25
15 37
16 56
16 59
16 93
16 94
16 98
17 23
17 50
17 84
18 43
18 75
18 78
18 89
18 91
19 38
19 44
19 53
19 57
19 79
20 30
20 37
20 64
21 22
21 53
21 77
22 24
22 53
22 80
22 93
22 97
23 42
23 54
23 59
23 65
23 73
23 84
24 26
24 27
24 53
24 97
25 34
25 37
26 27
26 53
26 79
26 88
26 98
27 56
27 97
27 98
28 55
28 71
28 85
29 46
29 60
29 63
29 72
29 83
30 64
30 91
31 41
31 58
31 61
32 35
32 52
32 86
32 90
32 92
33 59
33 67
33 74
33 87
33 99
34 37
34 38
34 39
34 45
34 57
34 76
34 82
35 40
35 49
35 86
35 90
36 73
36 84
36 92
36 95
37 71
37 82
38 44
38 46
38 57
38 76
38 83
39 45
39 63
39 68
39 76
40 48
40 49
40 58
40 89
40 90
41 43
41 70
41 75
42 54
42 65
42 69
43 58
43 75
43 89
44 72
44 79
44 83
45 48
45 63
45 68
46 63
46 76
46 83
47 69
47 74
47 79
47 81
47 96
48 49
48 63
48 89
49 60
49 63
50 60
50 65
50 69
50 72
50 96
51 55
51 71
52 60
52 86
52 92
52 95
53 57
53 77
53 79
53 82
54 59
54 69
54 74
55 71
55 85
56 93
56 97
56 98
57 82
58 61
58 73
58 89
58 90
59 61
59 73
59 74
59 87
59 93
60 63
60 72
60 86
61 62
61 73
61 80
61 93
62 71
63 68
63 76
64 85
64 91
65 69
66 67
66 81
66 88
66 94
66 98
66 99
67 74
67 81
67 99
69 74
69 96
70 75
70 85
70 91
71 77
71 82
72 79
72 83
72 96
73 84
73 90
73 92
74 81
75 91
77 82
79 81
79 88
79 96
80 93
81 88
85 91
88 98
90 92
92 95
93 97
94 98
94 99

================================================================================
РАСКРАСКА ПО ВЕРШИНАМ
================================================================================
0: 3 (ЧЕТВЁРТЫЙ)
1: 0 (КРАСНЫЙ)
2: 0 (КРАСНЫЙ)
3: 1 (СИНИЙ)
4: 0 (КРАСНЫЙ)
5: 3 (ЧЕТВЁРТЫЙ)
6: 3 (ЧЕТВЁРТЫЙ)
7: 2 (ЗЕЛЁНЫЙ)
8: 0 (КРАСНЫЙ)
9: 2 (ЗЕЛЁНЫЙ)
10: 1 (СИНИЙ)
11: 0 (КРАСНЫЙ)
12: 0 (КРАСНЫЙ)
13: 0 (КРАСНЫЙ)
14: 0 (КРАСНЫЙ)
15: 0 (КРАСНЫЙ)
16: 1 (СИНИЙ)
17: 2 (ЗЕЛЁНЫЙ)
18: 1 (СИНИЙ)
19: 0 (КРАСНЫЙ)
20: 3 (ЧЕТВЁРТЫЙ)
21: 2 (ЗЕЛЁНЫЙ)
22: 0 (КРАСНЫЙ)
23: 3 (ЧЕТВЁРТЫЙ)
24: 3 (ЧЕТВЁРТЫЙ)
25: 3 (ЧЕТВЁРТЫЙ)
26: 0 (КРАСНЫЙ)
27: 1 (СИНИЙ)
28: 2 (ЗЕЛЁНЫЙ)
29: 3 (ЧЕТВЁРТЫЙ)
30: 1 (СИНИЙ)
31: 2 (ЗЕЛЁНЫЙ)
32: 0 (КРАСНЫЙ)
33: 1 (СИНИЙ)
34: 0 (КРАСНЫЙ)
35: 1 (СИНИЙ)
36: 3 (ЧЕТВЁРТЫЙ)
37: 2 (ЗЕЛЁНЫЙ)
38: 3 (ЧЕТВЁРТЫЙ)
39: 1 (СИНИЙ)
40: 2 (ЗЕЛЁНЫЙ)
41: 3 (ЧЕТВЁРТЫЙ)
42: 0 (КРАСНЫЙ)
43: 2 (ЗЕЛЁНЫЙ)
44: 1 (СИНИЙ)
45: 3 (ЧЕТВЁРТЫЙ)
46: 1 (СИНИЙ)
47: 0 (КРАСНЫЙ)
48: 1 (СИНИЙ)
49: 3 (ЧЕТВЁРТЫЙ)
50: 3 (ЧЕТВЁРТЫЙ)
51: 2 (ЗЕЛЁНЫЙ)
52: 3 (ЧЕТВЁРТЫЙ)
53: 1 (СИНИЙ)
54: 1 (СИНИЙ)
55: 3 (ЧЕТВЁРТЫЙ)
56: 0 (КРАСНЫЙ)
57: 2 (ЗЕЛЁНЫЙ)
58: 0 (КРАСНЫЙ)
59: 0 (КРАСНЫЙ)
60: 1 (СИНИЙ)
61: 1 (СИНИЙ)
62: 0 (КРАСНЫЙ)
63: 0 (КРАСНЫЙ)
64: 2 (ЗЕЛЁНЫЙ)
65: 1 (СИНИЙ)
66: 0 (КРАСНЫЙ)
67: 2 (ЗЕЛЁНЫЙ)
68: 2 (ЗЕЛЁНЫЙ)
69: 2 (ЗЕЛЁНЫЙ)
70: 2 (ЗЕЛЁНЫЙ)
71: 1 (СИНИЙ)
72: 0 (КРАСНЫЙ)
73: 2 (ЗЕЛЁНЫЙ)
74: 3 (ЧЕТВЁРТЫЙ)
75: 0 (КРАСНЫЙ)
76: 2 (ЗЕЛЁНЫЙ)
77: 0 (КРАСНЫЙ)
78: 3 (ЧЕТВЁРТЫЙ)
79: 3 (ЧЕТВЁРТЫЙ)
80: 2 (ЗЕЛЁНЫЙ)
81: 1 (СИНИЙ)
82: 3 (ЧЕТВЁРТЫЙ)
83: 2 (ЗЕЛЁНЫЙ)
84: 1 (СИНИЙ)
85: 1 (СИНИЙ)
86: 2 (ЗЕЛЁНЫЙ)
87: 2 (ЗЕЛЁНЫЙ)
88: 2 (ЗЕЛЁНЫЙ)
89: 3 (ЧЕТВЁРТЫЙ)
90: 3 (ЧЕТВЁРТЫЙ)
91: 3 (ЧЕТВЁРТЫЙ)
92: 1 (СИНИЙ)
93: 3 (ЧЕТВЁРТЫЙ)
94: 2 (ЗЕЛЁНЫЙ)
95: 2 (ЗЕЛЁНЫЙ)
96: 1 (СИНИЙ)
97: 2 (ЗЕЛЁНЫЙ)
98: 3 (ЧЕТВЁРТЫЙ)
99: 3 (ЧЕТВЁРТЫЙ)

================================================================================
РЕЗУЛЬТАТ ПРОВЕРКИ
================================================================================
Всего рёбер: 294
Проверено рёбер: 294
Конфликты: НЕТ
OK: КОНФЛИКТОВ НЕТ! Раскраска корректна.
