Лог-файл раскраски графа
Граф: graph_100_095
Дата: 2026-09-21 10:41:05
Статус: УСПЕШНО
Время выполнения: 12.37 секунд
================================================================================

Загружен граф: 100 вершин, 294 рёбер
Имя графа: graph_100_095
Файл: graphs100\graph_100_095.json

================================================================================
ГРАФ
================================================================================
Всего вершин: 100
Всего рёбер: 294

Вершины:
0
1
2
3
4
5
6
7
8
9
10
11
12
13
14
15
16
17
18
19
20
21
22
23
24
25
26
27
28
29
30
31
32
33
34
35
36
37
38
39
40
41
42
43
44
45
46
47
48
49
50
51
52
53
54
55
56
57
58
59
60
61
62
63
64
65
66
67
68
69
70
71
72
73
74
75
76
77
78
79
80
81
82
83
84
85
86
87
88
89
90
91
92
93
94
95
96
97
98
99

Рёбра:
0 13
0 19
0 24
0 38
0 42
1 26
1 48
1 50
1 59
2 5
2 22
2 23
2 51
2 53
2 66
3 9
3 60
3 72
3 79
3 80
3 96
4 14
4 46
4 48
4 59
4 62
4 84
4 90
5 22
5 30
5 53
5 84
6 10
6 21
6 33
6 40
6 58
6 72
6 80
6 86
7 14
7 15
7 32
7 37
7 47
8 16
8 19
8 43
8 64
9 31
9 60
9 63
9 78
9 79
10 21
10 34
10 39
10 69
10 86
11 24
11 38
11 68
11 92
12 39
12 45
12 47
12 53
12 56
12 69
13 16
13 19
13 24
13 95
13 99
14 15
14 30
14 37
14 53
14 84
14 90
15 47
15 53
16 33
16 43
16 58
16 64
16 89
16 95
16 99
17 25
17 55
17 68
17 70
17 73
17 83
17 92
18 25
18 28
18 76
18 83
18 88
18 89
19 21
19 42
19 43
19 49
19 57
19 64
19 95
20 44
20 52
20 63
20 71
20 78
20 94
21 34
21 43
21 57
21 58
22 35
22 59
22 66
22 84
22 97
23 51
23 53
23 69
23 87
24 38
24 55
24 68
24 99
25 28
25 70
25 83
26 31
26 48
26 50
26 52
26 62
26 78
26 79
26 90
27 71
27 91
27 98
28 36
28 70
28 88
29 52
29 71
29 91
29 94
30 53
30 84
31 78
31 79
32 37
32 45
32 47
32 67
33 58
33 75
33 80
33 81
33 89
34 39
34 41
34 57
35 59
35 77
35 97
36 44
36 70
36 88
36 98
37 61
37 67
37 90
38 42
38 74
38 92
39 41
39 56
39 69
39 85
40 72
40 86
40 96
41 54
41 57
41 85
42 49
42 65
42 74
43 58
44 60
44 63
44 71
44 88
44 98
45 47
45 56
45 67
46 48
46 62
47 53
48 59
48 62
49 54
49 57
49 65
49 73
50 59
50 77
50 79
51 66
51 87
51 93
52 78
52 90
52 91
52 94
52 98
53 69
54 57
54 61
54 73
54 85
55 68
55 83
55 99
56 61
56 67
56 85
59 77
59 84
60 63
60 75
60 80
60 81
60 88
61 67
61 73
61 85
61 90
62 90
63 78
64 95
65 73
65 74
65 92
66 93
66 97
68 92
69 86
69 87
70 73
70 98
71 91
71 94
71 98
72 80
72 96
73 90
73 92
73 98
74 92
75 80
75 81
76 81
76 88
76 89
77 79
77 82
77 87
77 93
77 96
77 97
79 96
81 88
81 89
82 86
82 87
82 96
83 89
83 99
86 87
86 96
87 93
89 99
90 98
91 98
93 97

================================================================================
РАСКРАСКА ПО ВЕРШИНАМ
================================================================================
0: 2 (ЗЕЛЁНЫЙ)
1: 1 (СИНИЙ)
2: 3 (ЧЕТВЁРТЫЙ)
3: 0 (КРАСНЫЙ)
4: 1 (СИНИЙ)
5: 0 (КРАСНЫЙ)
6: 0 (КРАСНЫЙ)
7: 1 (СИНИЙ)
8: 2 (ЗЕЛЁНЫЙ)
9: 3 (ЧЕТВЁРТЫЙ)
10: 1 (СИНИЙ)
11: 0 (КРАСНЫЙ)
12: 0 (КРАСНЫЙ)
13: 0 (КРАСНЫЙ)
14: 0 (КРАСНЫЙ)
15: 2 (ЗЕЛЁНЫЙ)
16: 1 (СИНИЙ)
17: 3 (ЧЕТВЁРТЫЙ)
18: 3 (ЧЕТВЁРТЫЙ)
19: 3 (ЧЕТВЁРТЫЙ)
20: 3 (ЧЕТВЁРТЫЙ)
21: 2 (ЗЕЛЁНЫЙ)
22: 1 (СИНИЙ)
23: 2 (ЗЕЛЁНЫЙ)
24: 1 (СИНИЙ)
25: 0 (КРАСНЫЙ)
26: 0 (КРАСНЫЙ)
27: 3 (ЧЕТВЁРТЫЙ)
28: 2 (ЗЕЛЁНЫЙ)
29: 3 (ЧЕТВЁРТЫЙ)
30: 2 (ЗЕЛЁНЫЙ)
31: 2 (ЗЕЛЁНЫЙ)
32: 0 (КРАСНЫЙ)
33: 2 (ЗЕЛЁНЫЙ)
34: 3 (ЧЕТВЁРТЫЙ)
35: 3 (ЧЕТВЁРТЫЙ)
36: 3 (ЧЕТВЁРТЫЙ)
37: 2 (ЗЕЛЁНЫЙ)
38: 3 (ЧЕТВЁРТЫЙ)
39: 2 (ЗЕЛЁНЫЙ)
40: 1 (СИНИЙ)
41: 0 (КРАСНЫЙ)
42: 1 (СИНИЙ)
43: 0 (КРАСНЫЙ)
44: 1 (СИНИЙ)
45: 2 (ЗЕЛЁНЫЙ)
46: 0 (КРАСНЫЙ)
47: 3 (ЧЕТВЁРТЫЙ)
48: 3 (ЧЕТВЁРТЫЙ)
49: 0 (КРАСНЫЙ)
50: 3 (ЧЕТВЁРТЫЙ)
51: 0 (КРАСНЫЙ)
52: 2 (ЗЕЛЁНЫЙ)
53: 1 (СИНИЙ)
54: 3 (ЧЕТВЁРТЫЙ)
55: 0 (КРАСНЫЙ)
56: 3 (ЧЕТВЁРТЫЙ)
57: 1 (СИНИЙ)
58: 3 (ЧЕТВЁРТЫЙ)
59: 0 (КРАСНЫЙ)
60: 2 (ЗЕЛЁНЫЙ)
61: 0 (КРАСНЫЙ)
62: 2 (ЗЕЛЁНЫЙ)
63: 0 (КРАСНЫЙ)
64: 0 (КРАСНЫЙ)
65: 3 (ЧЕТВЁРТЫЙ)
66: 2 (ЗЕЛЁНЫЙ)
67: 1 (СИНИЙ)
68: 2 (ЗЕЛЁНЫЙ)
69: 3 (ЧЕТВЁРТЫЙ)
70: 1 (СИНИЙ)
71: 2 (ЗЕЛЁНЫЙ)
72: 2 (ЗЕЛЁНЫЙ)
73: 2 (ЗЕЛЁНЫЙ)
74: 0 (КРАСНЫЙ)
75: 0 (КРАСНЫЙ)
76: 1 (СИНИЙ)
77: 2 (ЗЕЛЁНЫЙ)
78: 1 (СИНИЙ)
79: 1 (СИНИЙ)
80: 3 (ЧЕТВЁРТЫЙ)
81: 3 (ЧЕТВЁРТЫЙ)
82: 0 (КРАСНЫЙ)
83: 1 (СИНИЙ)
84: 3 (ЧЕТВЁРТЫЙ)
85: 1 (СИНИЙ)
86: 2 (ЗЕЛЁНЫЙ)
87: 1 (СИНИЙ)
88: 0 (КРАСНЫЙ)
89: 0 (КРАСНЫЙ)
90: 3 (ЧЕТВЁРТЫЙ)
91: 1 (СИНИЙ)
92: 1 (СИНИЙ)
93: 3 (ЧЕТВЁРТЫЙ)
94: 0 (КРАСНЫЙ)
95: 2 (ЗЕЛЁНЫЙ)
96: 3 (ЧЕТВЁРТЫЙ)
97: 0 (КРАСНЫЙ)
98: 0 (КРАСНЫЙ)
99: 3 (ЧЕТВЁРТЫЙ)

================================================================================
РЕЗУЛЬТАТ ПРОВЕРКИ
================================================================================
Всего рёбер: 294
Проверено рёбер: 294
Конфликты: НЕТ
OK: КОНФЛИКТОВ НЕТ! Раскраска корректна.
