Лог-файл раскраски графа
Граф: graph_100_021
Дата: 2026-09-21 10:10:49
Статус: УСПЕШНО
Время выполнения: 14.04 секунд
================================================================================

Загружен граф: 100 вершин, 294 рёбер
Имя графа: graph_100_021
Файл: graphs100\graph_100_021.json

================================================================================
ГРАФ
================================================================================
Всего вершин: 100
Всего рёбер: 294

Вершины:
0
1
2
3
4
5
6
7
8
9
10
11
12
13
14
15
16
17
18
19
20
21
22
23
24
25
26
27
28
29
30
31
32
33
34
35
36
37
38
39
40
41
42
43
44
45
46
47
48
49
50
51
52
53
54
55
56
57
58
59
60
61
62
63
64
65
66
67
68
69
70
71
72
73
74
75
76
77
78
79
80
81
82
83
84
85
86
87
88
89
90
91
92
93
94
95
96
97
98
99

Рёбра:
0 6
0 27
0 51
0 58
0 68
0 69
0 71
1 2
1 37
1 48
1 62
1 67
1 84
1 87
1 94
2 35
2 37
2 51
2 58
2 66
2 70
2 74
2 87
3 4
3 28
3 46
3 53
3 99
4 15
4 28
4 96
4 99
5 58
5 76
5 93
5 97
6 35
6 51
6 71
6 74
7 8
7 10
7 26
7 38
7 82
7 88
7 89
8 24
8 38
8 66
8 88
8 91
8 92
9 25
9 32
9 33
9 36
9 72
9 78
9 80
10 46
10 82
10 89
10 99
11 26
11 45
11 61
11 81
12 23
12 30
12 34
12 57
12 85
12 90
13 16
13 37
13 65
13 77
13 84
14 41
14 65
14 71
14 75
14 79
15 20
15 28
15 41
15 54
15 79
15 96
16 31
16 67
16 72
16 73
16 77
16 80
16 84
16 86
16 95
17 19
17 21
17 30
17 34
17 50
17 63
18 29
18 39
18 40
18 64
18 78
18 83
19 21
19 42
19 43
19 50
19 52
19 56
19 82
19 99
20 41
20 49
20 60
20 96
21 22
21 32
21 33
21 34
21 56
21 98
22 29
22 32
22 36
22 44
22 98
23 24
23 30
23 66
23 85
24 30
24 38
24 50
24 63
24 66
25 33
25 56
25 59
25 72
26 61
26 81
26 88
26 89
26 92
27 54
27 68
27 69
27 79
28 53
28 54
28 69
29 36
29 44
29 78
29 83
30 34
30 63
31 64
31 80
31 95
32 33
32 36
33 56
34 57
34 90
34 98
35 70
35 71
35 74
35 75
36 78
37 65
37 70
37 84
38 50
38 52
38 82
39 40
39 44
39 47
39 83
40 47
40 48
40 62
40 64
40 94
41 60
41 65
41 79
42 43
42 56
42 59
42 96
43 96
43 99
44 47
44 83
44 87
44 98
45 53
45 61
45 81
45 93
45 97
46 53
46 61
46 89
46 99
47 48
47 87
48 87
48 94
49 59
49 60
49 73
49 96
50 52
50 63
51 58
51 74
52 82
53 58
53 61
53 69
53 76
53 97
54 69
54 79
55 66
55 85
55 87
55 90
56 59
57 90
58 66
58 69
58 76
58 93
59 72
59 73
59 96
60 65
60 73
60 77
61 89
62 64
62 67
62 86
62 94
62 95
64 78
64 80
64 95
65 70
65 75
65 77
66 85
66 87
66 91
66 93
67 84
67 86
68 71
68 79
70 75
71 75
71 79
72 73
72 80
73 77
76 97
78 80
81 91
81 92
81 93
82 99
85 90
86 95
87 90
87 98
88 92
90 98
91 92
91 93
93 97
96 99

================================================================================
РАСКРАСКА ПО ВЕРШИНАМ
================================================================================
0: 1 (СИНИЙ)
1: 0 (КРАСНЫЙ)
2: 3 (ЧЕТВЁРТЫЙ)
3: 0 (КРАСНЫЙ)
4: 1 (СИНИЙ)
5: 0 (КРАСНЫЙ)
6: 2 (ЗЕЛЁНЫЙ)
7: 1 (СИНИЙ)
8: 3 (ЧЕТВЁРТЫЙ)
9: 0 (КРАСНЫЙ)
10: 0 (КРАСНЫЙ)
11: 2 (ЗЕЛЁНЫЙ)
12: 0 (КРАСНЫЙ)
13: 0 (КРАСНЫЙ)
14: 0 (КРАСНЫЙ)
15: 3 (ЧЕТВЁРТЫЙ)
16: 3 (ЧЕТВЁРТЫЙ)
17: 1 (СИНИЙ)
18: 3 (ЧЕТВЁРТЫЙ)
19: 0 (КРАСНЫЙ)
20: 0 (КРАСНЫЙ)
21: 3 (ЧЕТВЁРТЫЙ)
22: 1 (СИНИЙ)
23: 2 (ЗЕЛЁНЫЙ)
24: 1 (СИНИЙ)
25: 3 (ЧЕТВЁРТЫЙ)
26: 3 (ЧЕТВЁРТЫЙ)
27: 3 (ЧЕТВЁРТЫЙ)
28: 2 (ЗЕЛЁНЫЙ)
29: 0 (КРАСНЫЙ)
30: 3 (ЧЕТВЁРТЫЙ)
31: 2 (ЗЕЛЁНЫЙ)
32: 2 (ЗЕЛЁНЫЙ)
33: 1 (СИНИЙ)
34: 2 (ЗЕЛЁНЫЙ)
35: 0 (КРАСНЫЙ)
36: 3 (ЧЕТВЁРТЫЙ)
37: 1 (СИНИЙ)
38: 0 (КРАСНЫЙ)
39: 2 (ЗЕЛЁНЫЙ)
40: 1 (СИНИЙ)
41: 1 (СИНИЙ)
42: 3 (ЧЕТВЁРТЫЙ)
43: 1 (СИНИЙ)
44: 3 (ЧЕТВЁРТЫЙ)
45: 1 (СИНИЙ)
46: 1 (СИНИЙ)
47: 0 (КРАСНЫЙ)
48: 3 (ЧЕТВЁРТЫЙ)
49: 3 (ЧЕТВЁРТЫЙ)
50: 3 (ЧЕТВЁРТЫЙ)
51: 0 (КРАСНЫЙ)
52: 1 (СИНИЙ)
53: 3 (ЧЕТВЁРТЫЙ)
54: 1 (СИНИЙ)
55: 2 (ЗЕЛЁНЫЙ)
56: 2 (ЗЕЛЁНЫЙ)
57: 1 (СИНИЙ)
58: 2 (ЗЕЛЁНЫЙ)
59: 1 (СИНИЙ)
60: 2 (ЗЕЛЁНЫЙ)
61: 0 (КРАСНЫЙ)
62: 3 (ЧЕТВЁРТЫЙ)
63: 0 (КРАСНЫЙ)
64: 0 (КРАСНЫЙ)
65: 3 (ЧЕТВЁРТЫЙ)
66: 0 (КРАСНЫЙ)
67: 1 (СИНИЙ)
68: 0 (КРАСНЫЙ)
69: 0 (КРАСНЫЙ)
70: 2 (ЗЕЛЁНЫЙ)
71: 3 (ЧЕТВЁРТЫЙ)
72: 2 (ЗЕЛЁНЫЙ)
73: 0 (КРАСНЫЙ)
74: 1 (СИНИЙ)
75: 1 (СИНИЙ)
76: 1 (СИНИЙ)
77: 1 (СИНИЙ)
78: 2 (ЗЕЛЁНЫЙ)
79: 2 (ЗЕЛЁНЫЙ)
80: 1 (СИНИЙ)
81: 0 (КРАСНЫЙ)
82: 2 (ЗЕЛЁНЫЙ)
83: 1 (СИНИЙ)
84: 2 (ЗЕЛЁНЫЙ)
85: 1 (СИНИЙ)
86: 0 (КРАСНЫЙ)
87: 1 (СИНИЙ)
88: 0 (КРАСНЫЙ)
89: 2 (ЗЕЛЁНЫЙ)
90: 3 (ЧЕТВЁРТЫЙ)
91: 1 (СИНИЙ)
92: 2 (ЗЕЛЁНЫЙ)
93: 3 (ЧЕТВЁРТЫЙ)
94: 2 (ЗЕЛЁНЫЙ)
95: 1 (СИНИЙ)
96: 2 (ЗЕЛЁНЫЙ)
97: 2 (ЗЕЛЁНЫЙ)
98: 0 (КРАСНЫЙ)
99: 3 (ЧЕТВЁРТЫЙ)

================================================================================
РЕЗУЛЬТАТ ПРОВЕРКИ
================================================================================
Всего рёбер: 294
Проверено рёбер: 294
Конфликты: НЕТ
OK: КОНФЛИКТОВ НЕТ! Раскраска корректна.
