Лог-файл раскраски графа
Граф: graph_100_054
Дата: 2026-09-21 10:22:11
Статус: УСПЕШНО
Время выполнения: 12.38 секунд
================================================================================

Загружен граф: 100 вершин, 294 рёбер
Имя графа: graph_100_054
Файл: graphs100\graph_100_054.json

================================================================================
ГРАФ
================================================================================
Всего вершин: 100
Всего рёбер: 294

Вершины:
0
1
2
3
4
5
6
7
8
9
10
11
12
13
14
15
16
17
18
19
20
21
22
23
24
25
26
27
28
29
30
31
32
33
34
35
36
37
38
39
40
41
42
43
44
45
46
47
48
49
50
51
52
53
54
55
56
57
58
59
60
61
62
63
64
65
66
67
68
69
70
71
72
73
74
75
76
77
78
79
80
81
82
83
84
85
86
87
88
89
90
91
92
93
94
95
96
97
98
99

Рёбра:
0 5
0 8
0 77
0 79
0 97
1 19
1 44
1 53
1 73
1 94
1 98
2 15
2 32
2 34
2 57
3 35
3 39
3 47
3 54
4 33
4 37
4 43
4 51
5 36
5 46
5 77
5 97
6 16
6 34
6 57
6 65
6 95
7 9
7 23
7 30
7 45
7 50
7 93
8 10
8 13
8 41
8 48
8 55
8 77
8 79
9 15
9 23
9 45
9 66
9 78
10 13
10 20
10 49
10 51
10 55
11 31
11 42
11 71
11 74
11 99
12 36
12 38
12 52
12 53
12 56
12 82
12 88
12 97
13 41
13 51
13 70
14 17
14 22
14 27
14 67
14 84
15 32
15 43
15 57
15 62
15 64
15 66
15 78
16 44
16 65
16 95
17 67
17 69
17 84
17 86
18 19
18 36
18 46
18 73
18 91
19 73
19 91
19 98
20 21
20 42
20 49
20 55
21 31
21 42
21 55
22 27
22 62
22 66
22 67
22 68
22 75
23 30
23 35
23 54
23 66
24 59
24 62
24 72
25 33
25 59
25 72
25 80
26 27
26 39
26 47
26 76
26 84
27 39
27 75
27 84
28 32
28 40
28 94
28 95
28 98
29 38
29 52
29 58
29 69
29 84
29 88
30 35
30 63
30 81
30 92
30 93
31 42
31 55
31 99
32 34
32 40
32 64
32 95
33 37
33 43
33 59
33 62
33 80
34 57
34 95
35 47
35 54
35 92
36 46
36 53
36 73
36 97
37 51
37 70
37 80
37 83
37 89
38 58
38 85
38 88
38 96
38 97
39 47
39 54
39 75
40 61
40 64
40 74
40 91
40 98
41 70
41 79
41 85
42 43
42 49
42 71
43 49
43 51
43 62
43 64
43 71
44 53
44 65
44 94
44 95
45 50
45 60
45 78
46 77
46 91
47 76
47 92
48 55
48 77
48 87
48 91
49 51
50 60
50 93
51 70
52 56
52 84
52 88
53 65
53 73
53 82
54 66
54 75
55 87
55 99
56 63
56 76
56 82
56 84
56 90
56 92
57 65
57 78
58 69
58 85
58 89
58 96
59 62
59 72
60 78
60 93
61 74
61 87
61 91
62 66
62 68
62 72
62 83
63 81
63 90
63 92
64 71
64 74
65 78
65 82
65 93
66 75
67 68
67 86
68 83
68 86
69 83
69 84
69 86
69 89
70 85
70 89
71 74
72 80
72 83
74 87
74 99
76 84
76 92
77 91
78 93
79 85
79 97
80 83
81 90
81 93
82 90
82 93
83 86
83 89
85 89
85 96
85 97
87 91
87 99
90 93
91 98
94 95
94 98

================================================================================
РАСКРАСКА ПО ВЕРШИНАМ
================================================================================
0: 3 (ЧЕТВЁРТЫЙ)
1: 0 (КРАСНЫЙ)
2: 3 (ЧЕТВЁРТЫЙ)
3: 0 (КРАСНЫЙ)
4: 2 (ЗЕЛЁНЫЙ)
5: 0 (КРАСНЫЙ)
6: 2 (ЗЕЛЁНЫЙ)
7: 1 (СИНИЙ)
8: 0 (КРАСНЫЙ)
9: 3 (ЧЕТВЁРТЫЙ)
10: 3 (ЧЕТВЁРТЫЙ)
11: 0 (КРАСНЫЙ)
12: 3 (ЧЕТВЁРТЫЙ)
13: 1 (СИНИЙ)
14: 0 (КРАСНЫЙ)
15: 0 (КРАСНЫЙ)
16: 0 (КРАСНЫЙ)
17: 3 (ЧЕТВЁРТЫЙ)
18: 0 (КРАСНЫЙ)
19: 1 (СИНИЙ)
20: 1 (СИНИЙ)
21: 0 (КРАСНЫЙ)
22: 1 (СИНИЙ)
23: 0 (КРАСНЫЙ)
24: 2 (ЗЕЛЁНЫЙ)
25: 3 (ЧЕТВЁРТЫЙ)
26: 0 (КРАСНЫЙ)
27: 3 (ЧЕТВЁРТЫЙ)
28: 1 (СИНИЙ)
29: 3 (ЧЕТВЁРТЫЙ)
30: 3 (ЧЕТВЁРТЫЙ)
31: 1 (СИНИЙ)
32: 2 (ЗЕЛЁНЫЙ)
33: 0 (КРАСНЫЙ)
34: 0 (КРАСНЫЙ)
35: 2 (ЗЕЛЁНЫЙ)
36: 1 (СИНИЙ)
37: 3 (ЧЕТВЁРТЫЙ)
38: 1 (СИНИЙ)
39: 1 (СИНИЙ)
40: 0 (КРАСНЫЙ)
41: 3 (ЧЕТВЁРТЫЙ)
42: 3 (ЧЕТВЁРТЫЙ)
43: 1 (СИНИЙ)
44: 1 (СИНИЙ)
45: 0 (КРАСНЫЙ)
46: 3 (ЧЕТВЁРТЫЙ)
47: 3 (ЧЕТВЁРТЫЙ)
48: 3 (ЧЕТВЁРТЫЙ)
49: 2 (ЗЕЛЁНЫЙ)
50: 3 (ЧЕТВЁРТЫЙ)
51: 0 (КРАСНЫЙ)
52: 2 (ЗЕЛЁНЫЙ)
53: 2 (ЗЕЛЁНЫЙ)
54: 3 (ЧЕТВЁРТЫЙ)
55: 2 (ЗЕЛЁНЫЙ)
56: 0 (КРАСНЫЙ)
57: 1 (СИНИЙ)
58: 2 (ЗЕЛЁНЫЙ)
59: 1 (СИНИЙ)
60: 1 (СИНИЙ)
61: 3 (ЧЕТВЁРТЫЙ)
62: 3 (ЧЕТВЁРТЫЙ)
63: 2 (ЗЕЛЁНЫЙ)
64: 3 (ЧЕТВЁРТЫЙ)
65: 3 (ЧЕТВЁРТЫЙ)
66: 2 (ЗЕЛЁНЫЙ)
67: 2 (ЗЕЛЁНЫЙ)
68: 0 (КРАСНЫЙ)
69: 0 (КРАСНЫЙ)
70: 2 (ЗЕЛЁНЫЙ)
71: 2 (ЗЕЛЁНЫЙ)
72: 0 (КРАСНЫЙ)
73: 3 (ЧЕТВЁРТЫЙ)
74: 1 (СИНИЙ)
75: 0 (КРАСНЫЙ)
76: 2 (ЗЕЛЁНЫЙ)
77: 1 (СИНИЙ)
78: 2 (ЗЕЛЁНЫЙ)
79: 1 (СИНИЙ)
80: 1 (СИНИЙ)
81: 1 (СИНИЙ)
82: 1 (СИНИЙ)
83: 2 (ЗЕЛЁНЫЙ)
84: 1 (СИНИЙ)
85: 0 (КРАСНЫЙ)
86: 1 (СИНИЙ)
87: 0 (КРАСНЫЙ)
88: 0 (КРАСНЫЙ)
89: 1 (СИНИЙ)
90: 3 (ЧЕТВЁРТЫЙ)
91: 2 (ЗЕЛЁНЫЙ)
92: 1 (СИНИЙ)
93: 0 (КРАСНЫЙ)
94: 2 (ЗЕЛЁНЫЙ)
95: 3 (ЧЕТВЁРТЫЙ)
96: 3 (ЧЕТВЁРТЫЙ)
97: 2 (ЗЕЛЁНЫЙ)
98: 3 (ЧЕТВЁРТЫЙ)
99: 3 (ЧЕТВЁРТЫЙ)

================================================================================
РЕЗУЛЬТАТ ПРОВЕРКИ
================================================================================
Всего рёбер: 294
Проверено рёбер: 294
Конфликты: НЕТ
OK: КОНФЛИКТОВ НЕТ! Раскраска корректна.
