Лог-файл раскраски графа
Граф: graph_100_042
Дата: 2026-09-21 10:17:56
Статус: УСПЕШНО
Время выполнения: 9.76 секунд
================================================================================

Загружен граф: 100 вершин, 294 рёбер
Имя графа: graph_100_042
Файл: graphs100\graph_100_042.json

================================================================================
ГРАФ
================================================================================
Всего вершин: 100
Всего рёбер: 294

Вершины:
0
1
2
3
4
5
6
7
8
9
10
11
12
13
14
15
16
17
18
19
20
21
22
23
24
25
26
27
28
29
30
31
32
33
34
35
36
37
38
39
40
41
42
43
44
45
46
47
48
49
50
51
52
53
54
55
56
57
58
59
60
61
62
63
64
65
66
67
68
69
70
71
72
73
74
75
76
77
78
79
80
81
82
83
84
85
86
87
88
89
90
91
92
93
94
95
96
97
98
99

Рёбра:
0 12
0 27
0 33
0 53
0 69
0 79
1 40
1 43
1 46
1 81
1 93
2 7
2 28
2 49
2 54
3 21
3 36
3 82
3 95
4 12
4 37
4 43
4 57
4 68
4 78
4 81
5 16
5 21
5 34
5 36
6 31
6 35
6 52
6 58
6 75
6 89
7 28
7 42
7 54
7 55
7 66
7 83
8 13
8 23
8 32
8 51
8 62
8 80
9 30
9 48
9 65
9 71
9 86
9 97
10 14
10 15
10 24
10 85
10 87
11 42
11 51
11 62
11 66
11 97
12 27
12 53
12 57
12 68
13 20
13 32
13 45
13 62
13 76
13 84
13 92
14 24
14 39
14 41
14 72
14 85
15 24
15 87
15 94
16 21
16 34
16 95
17 25
17 26
17 56
17 91
18 41
18 54
18 55
18 61
18 72
19 47
19 48
19 73
19 81
19 88
20 29
20 64
20 66
20 76
20 84
21 36
21 95
22 53
22 79
22 80
22 92
23 51
23 80
24 39
24 65
24 86
24 94
25 26
25 56
25 59
25 67
25 77
25 89
25 96
25 99
26 27
26 34
26 60
26 64
26 69
26 89
26 91
27 57
27 60
27 69
27 98
28 49
28 66
28 74
29 49
29 64
29 66
29 74
30 42
30 65
30 83
30 97
31 35
31 44
31 47
31 52
31 67
31 88
32 80
32 92
33 45
33 69
33 79
33 82
33 95
34 36
34 64
34 69
34 95
35 38
35 58
35 87
35 88
36 45
36 50
36 64
36 82
37 40
37 43
37 63
37 78
37 99
38 58
38 85
38 87
38 89
39 41
39 65
39 83
39 90
40 43
40 59
40 93
40 96
40 99
41 61
41 72
41 90
42 66
42 83
42 97
43 81
44 47
44 59
44 67
44 93
45 50
45 79
45 82
45 84
45 92
46 47
46 81
46 93
47 81
47 88
47 93
48 51
48 71
48 73
48 80
48 88
48 97
49 54
49 64
49 72
49 74
50 64
50 84
51 62
51 80
51 97
52 67
52 70
52 75
53 68
53 79
53 80
54 55
54 72
55 61
55 83
55 90
56 91
56 99
57 78
57 98
58 89
59 67
59 93
59 96
60 63
60 91
60 98
61 90
62 66
62 76
63 78
63 91
63 98
63 99
64 72
64 84
64 89
65 83
65 86
66 74
66 76
67 70
67 77
68 73
68 80
68 81
69 95
70 75
70 77
70 89
71 86
71 88
71 94
72 85
72 89
73 80
73 81
75 89
77 89
78 98
79 92
80 92
82 95
83 90
85 87
85 89
86 94
87 88
87 94
88 94
91 99
96 99

================================================================================
РАСКРАСКА ПО ВЕРШИНАМ
================================================================================
0: 2 (ЗЕЛЁНЫЙ)
1: 2 (ЗЕЛЁНЫЙ)
2: 2 (ЗЕЛЁНЫЙ)
3: 1 (СИНИЙ)
4: 0 (КРАСНЫЙ)
5: 2 (ЗЕЛЁНЫЙ)
6: 3 (ЧЕТВЁРТЫЙ)
7: 0 (КРАСНЫЙ)
8: 0 (КРАСНЫЙ)
9: 2 (ЗЕЛЁНЫЙ)
10: 2 (ЗЕЛЁНЫЙ)
11: 0 (КРАСНЫЙ)
12: 3 (ЧЕТВЁРТЫЙ)
13: 3 (ЧЕТВЁРТЫЙ)
14: 0 (КРАСНЫЙ)
15: 1 (СИНИЙ)
16: 0 (КРАСНЫЙ)
17: 3 (ЧЕТВЁРТЫЙ)
18: 0 (КРАСНЫЙ)
19: 0 (КРАСНЫЙ)
20: 2 (ЗЕЛЁНЫЙ)
21: 3 (ЧЕТВЁРТЫЙ)
22: 1 (СИНИЙ)
23: 1 (СИНИЙ)
24: 3 (ЧЕТВЁРТЫЙ)
25: 1 (СИНИЙ)
26: 0 (КРАСНЫЙ)
27: 1 (СИНИЙ)
28: 1 (СИНИЙ)
29: 1 (СИНИЙ)
30: 1 (СИНИЙ)
31: 1 (СИНИЙ)
32: 1 (СИНИЙ)
33: 0 (КРАСНЫЙ)
34: 1 (СИНИЙ)
35: 2 (ЗЕЛЁНЫЙ)
36: 0 (КРАСНЫЙ)
37: 2 (ЗЕЛЁНЫЙ)
38: 1 (СИНИЙ)
39: 1 (СИНИЙ)
40: 0 (КРАСНЫЙ)
41: 3 (ЧЕТВЁРТЫЙ)
42: 2 (ЗЕЛЁНЫЙ)
43: 1 (СИНИЙ)
44: 0 (КРАСНЫЙ)
45: 1 (СИНИЙ)
46: 0 (КРАСНЫЙ)
47: 2 (ЗЕЛЁНЫЙ)
48: 1 (СИНИЙ)
49: 0 (КРАСНЫЙ)
50: 2 (ЗЕЛЁНЫЙ)
51: 2 (ЗЕЛЁНЫЙ)
52: 0 (КРАСНЫЙ)
53: 0 (КРАСНЫЙ)
54: 3 (ЧЕТВЁРТЫЙ)
55: 1 (СИНИЙ)
56: 0 (КРАСНЫЙ)
57: 2 (ЗЕЛЁНЫЙ)
58: 0 (КРАСНЫЙ)
59: 3 (ЧЕТВЁРТЫЙ)
60: 3 (ЧЕТВЁРТЫЙ)
61: 2 (ЗЕЛЁНЫЙ)
62: 1 (СИНИЙ)
63: 1 (СИНИЙ)
64: 3 (ЧЕТВЁРТЫЙ)
65: 0 (КРАСНЫЙ)
66: 3 (ЧЕТВЁРТЫЙ)
67: 2 (ЗЕЛЁНЫЙ)
68: 1 (СИНИЙ)
69: 3 (ЧЕТВЁРТЫЙ)
70: 3 (ЧЕТВЁРТЫЙ)
71: 0 (КРАСНЫЙ)
72: 1 (СИНИЙ)
73: 2 (ЗЕЛЁНЫЙ)
74: 2 (ЗЕЛЁНЫЙ)
75: 1 (СИНИЙ)
76: 0 (КРАСНЫЙ)
77: 0 (КРАСНЫЙ)
78: 3 (ЧЕТВЁРТЫЙ)
79: 3 (ЧЕТВЁРТЫЙ)
80: 3 (ЧЕТВЁРТЫЙ)
81: 3 (ЧЕТВЁРТЫЙ)
82: 3 (ЧЕТВЁРТЫЙ)
83: 3 (ЧЕТВЁРТЫЙ)
84: 0 (КРАСНЫЙ)
85: 3 (ЧЕТВЁРТЫЙ)
86: 1 (СИНИЙ)
87: 0 (КРАСНЫЙ)
88: 3 (ЧЕТВЁРТЫЙ)
89: 2 (ЗЕЛЁНЫЙ)
90: 0 (КРАСНЫЙ)
91: 2 (ЗЕЛЁНЫЙ)
92: 0 (КРАСНЫЙ)
93: 1 (СИНИЙ)
94: 2 (ЗЕЛЁНЫЙ)
95: 2 (ЗЕЛЁНЫЙ)
96: 2 (ЗЕЛЁНЫЙ)
97: 3 (ЧЕТВЁРТЫЙ)
98: 0 (КРАСНЫЙ)
99: 3 (ЧЕТВЁРТЫЙ)

================================================================================
РЕЗУЛЬТАТ ПРОВЕРКИ
================================================================================
Всего рёбер: 294
Проверено рёбер: 294
Конфликты: НЕТ
OK: КОНФЛИКТОВ НЕТ! Раскраска корректна.
