Лог-файл раскраски графа
Граф: graph_100_008
Дата: 2026-09-21 10:05:00
Статус: УСПЕШНО
Время выполнения: 12.18 секунд
================================================================================

Загружен граф: 100 вершин, 294 рёбер
Имя графа: graph_100_008
Файл: graphs100\graph_100_008.json

================================================================================
ГРАФ
================================================================================
Всего вершин: 100
Всего рёбер: 294

Вершины:
0
1
2
3
4
5
6
7
8
9
10
11
12
13
14
15
16
17
18
19
20
21
22
23
24
25
26
27
28
29
30
31
32
33
34
35
36
37
38
39
40
41
42
43
44
45
46
47
48
49
50
51
52
53
54
55
56
57
58
59
60
61
62
63
64
65
66
67
68
69
70
71
72
73
74
75
76
77
78
79
80
81
82
83
84
85
86
87
88
89
90
91
92
93
94
95
96
97
98
99

Рёбра:
0 50
0 57
0 85
0 91
0 95
1 23
1 37
1 43
1 66
2 26
2 32
2 56
2 63
2 92
3 18
3 33
3 36
3 59
4 31
4 60
4 62
4 69
4 77
5 30
5 60
5 62
5 69
6 19
6 39
6 52
6 64
6 89
6 90
7 38
7 62
7 73
7 77
7 86
8 10
8 14
8 96
9 36
9 67
9 75
9 93
9 98
10 14
10 49
10 50
10 96
11 12
11 15
11 65
11 74
11 75
11 76
11 97
11 98
12 63
12 68
12 74
12 76
12 82
12 99
13 14
13 16
13 22
13 50
13 96
14 50
14 96
15 65
15 76
16 22
16 42
16 53
16 72
16 94
16 96
17 29
17 40
17 51
17 79
18 27
18 36
18 59
18 67
18 70
18 81
19 37
19 38
19 39
19 44
19 90
20 24
20 34
20 48
20 49
20 55
21 56
21 61
21 88
22 46
22 50
22 64
22 72
22 78
23 29
23 37
23 44
23 51
23 54
23 57
23 66
24 49
24 55
24 65
24 97
25 45
25 53
25 58
25 87
26 63
26 74
26 92
26 93
26 98
27 56
27 67
27 81
27 88
27 92
28 50
28 64
28 89
28 95
29 51
29 66
29 73
29 79
30 35
30 38
30 42
30 60
30 62
30 78
30 90
31 33
31 60
31 77
31 94
32 56
32 63
32 68
32 76
32 82
32 99
33 36
33 59
33 77
33 94
34 45
34 48
34 55
34 58
34 80
34 97
35 46
35 64
35 78
35 90
36 41
36 67
36 75
36 83
36 94
37 38
37 43
37 44
38 43
38 62
38 73
38 90
39 44
39 52
40 47
40 51
40 61
40 79
40 88
41 58
41 80
41 83
41 94
42 60
42 72
42 78
42 94
43 66
43 73
44 52
44 54
44 71
44 85
45 48
45 58
45 87
46 64
46 78
47 73
47 79
47 81
47 84
47 88
48 49
48 87
49 50
49 51
49 57
49 65
49 76
49 87
49 96
50 57
50 64
50 95
51 57
51 61
51 76
52 71
52 89
53 58
53 87
53 94
53 96
54 57
54 85
55 97
56 61
56 76
56 88
56 92
57 85
58 80
58 94
59 70
59 77
60 69
60 94
61 76
61 88
62 69
62 77
63 68
63 74
64 89
64 90
65 76
65 97
66 73
67 92
67 93
68 82
70 77
70 81
70 84
70 86
71 85
71 89
71 91
72 78
73 79
73 84
73 86
74 98
75 83
75 97
75 98
76 99
77 86
80 83
80 97
81 84
81 88
82 99
83 97
84 86
85 91
87 96
89 91
89 95
91 95
92 93
93 98

================================================================================
РАСКРАСКА ПО ВЕРШИНАМ
================================================================================
0: 0 (КРАСНЫЙ)
1: 1 (СИНИЙ)
2: 2 (ЗЕЛЁНЫЙ)
3: 3 (ЧЕТВЁРТЫЙ)
4: 0 (КРАСНЫЙ)
5: 0 (КРАСНЫЙ)
6: 0 (КРАСНЫЙ)
7: 0 (КРАСНЫЙ)
8: 3 (ЧЕТВЁРТЫЙ)
9: 0 (КРАСНЫЙ)
10: 0 (КРАСНЫЙ)
11: 3 (ЧЕТВЁРТЫЙ)
12: 0 (КРАСНЫЙ)
13: 3 (ЧЕТВЁРТЫЙ)
14: 1 (СИНИЙ)
15: 0 (КРАСНЫЙ)
16: 0 (КРАСНЫЙ)
17: 1 (СИНИЙ)
18: 0 (КРАСНЫЙ)
19: 3 (ЧЕТВЁРТЫЙ)
20: 0 (КРАСНЫЙ)
21: 1 (СИНИЙ)
22: 1 (СИНИЙ)
23: 3 (ЧЕТВЁРТЫЙ)
24: 1 (СИНИЙ)
25: 3 (ЧЕТВЁРТЫЙ)
26: 3 (ЧЕТВЁРТЫЙ)
27: 1 (СИНИЙ)
28: 0 (КРАСНЫЙ)
29: 0 (КРАСНЫЙ)
30: 3 (ЧЕТВЁРТЫЙ)
31: 1 (СИНИЙ)
32: 0 (КРАСНЫЙ)
33: 0 (КРАСНЫЙ)
34: 3 (ЧЕТВЁРТЫЙ)
35: 1 (СИНИЙ)
36: 1 (СИНИЙ)
37: 2 (ЗЕЛЁНЫЙ)
38: 1 (СИНИЙ)
39: 2 (ЗЕЛЁНЫЙ)
40: 3 (ЧЕТВЁРТЫЙ)
41: 0 (КРАСНЫЙ)
42: 1 (СИНИЙ)
43: 0 (КРАСНЫЙ)
44: 1 (СИНИЙ)
45: 1 (СИНИЙ)
46: 2 (ЗЕЛЁНЫЙ)
47: 1 (СИНИЙ)
48: 2 (ЗЕЛЁНЫЙ)
49: 3 (ЧЕТВЁРТЫЙ)
50: 2 (ЗЕЛЁНЫЙ)
51: 2 (ЗЕЛЁНЫЙ)
52: 3 (ЧЕТВЁРТЫЙ)
53: 1 (СИНИЙ)
54: 0 (КРАСНЫЙ)
55: 2 (ЗЕЛЁНЫЙ)
56: 3 (ЧЕТВЁРТЫЙ)
57: 1 (СИНИЙ)
58: 2 (ЗЕЛЁНЫЙ)
59: 1 (СИНИЙ)
60: 2 (ЗЕЛЁНЫЙ)
61: 0 (КРАСНЫЙ)
62: 2 (ЗЕЛЁНЫЙ)
63: 1 (СИНИЙ)
64: 3 (ЧЕТВЁРТЫЙ)
65: 2 (ЗЕЛЁНЫЙ)
66: 2 (ЗЕЛЁНЫЙ)
67: 3 (ЧЕТВЁРТЫЙ)
68: 3 (ЧЕТВЁРТЫЙ)
69: 3 (ЧЕТВЁРТЫЙ)
70: 2 (ЗЕЛЁНЫЙ)
71: 0 (КРАСНЫЙ)
72: 3 (ЧЕТВЁРТЫЙ)
73: 3 (ЧЕТВЁРТЫЙ)
74: 2 (ЗЕЛЁНЫЙ)
75: 2 (ЗЕЛЁНЫЙ)
76: 1 (СИНИЙ)
77: 3 (ЧЕТВЁРТЫЙ)
78: 0 (КРАСНЫЙ)
79: 2 (ЗЕЛЁНЫЙ)
80: 1 (СИНИЙ)
81: 3 (ЧЕТВЁРТЫЙ)
82: 1 (СИНИЙ)
83: 3 (ЧЕТВЁРТЫЙ)
84: 0 (КРАСНЫЙ)
85: 3 (ЧЕТВЁРТЫЙ)
86: 1 (СИНИЙ)
87: 0 (КРАСНЫЙ)
88: 2 (ЗЕЛЁНЫЙ)
89: 2 (ЗЕЛЁНЫЙ)
90: 2 (ЗЕЛЁНЫЙ)
91: 1 (СИНИЙ)
92: 0 (КРАСНЫЙ)
93: 2 (ЗЕЛЁНЫЙ)
94: 3 (ЧЕТВЁРТЫЙ)
95: 3 (ЧЕТВЁРТЫЙ)
96: 2 (ЗЕЛЁНЫЙ)
97: 0 (КРАСНЫЙ)
98: 1 (СИНИЙ)
99: 3 (ЧЕТВЁРТЫЙ)

================================================================================
РЕЗУЛЬТАТ ПРОВЕРКИ
================================================================================
Всего рёбер: 294
Проверено рёбер: 294
Конфликты: НЕТ
OK: КОНФЛИКТОВ НЕТ! Раскраска корректна.
