Лог-файл раскраски графа
Граф: graph_100_036
Дата: 2026-09-21 10:16:46
Статус: УСПЕШНО
Время выполнения: 10.48 секунд
================================================================================

Загружен граф: 100 вершин, 294 рёбер
Имя графа: graph_100_036
Файл: graphs100\graph_100_036.json

================================================================================
ГРАФ
================================================================================
Всего вершин: 100
Всего рёбер: 294

Вершины:
0
1
2
3
4
5
6
7
8
9
10
11
12
13
14
15
16
17
18
19
20
21
22
23
24
25
26
27
28
29
30
31
32
33
34
35
36
37
38
39
40
41
42
43
44
45
46
47
48
49
50
51
52
53
54
55
56
57
58
59
60
61
62
63
64
65
66
67
68
69
70
71
72
73
74
75
76
77
78
79
80
81
82
83
84
85
86
87
88
89
90
91
92
93
94
95
96
97
98
99

Рёбра:
0 26
0 29
0 36
0 39
0 48
0 78
0 85
0 95
1 18
1 25
1 46
1 62
1 74
1 87
2 11
2 39
2 46
2 48
2 49
2 75
2 76
3 8
3 13
3 17
3 22
3 80
4 34
4 35
4 53
4 74
4 94
4 96
5 42
5 61
5 81
6 10
6 12
6 53
6 57
6 60
6 96
7 14
7 30
7 64
7 74
7 94
8 13
8 22
8 37
8 73
8 79
8 86
8 99
9 10
9 20
9 44
9 57
9 86
9 90
10 44
10 57
10 60
11 15
11 21
11 39
11 58
11 76
12 20
12 21
12 53
12 57
12 58
12 68
13 31
13 52
13 80
13 86
13 90
14 19
14 27
14 45
14 52
14 61
14 64
14 74
14 92
15 21
15 39
15 50
15 56
15 77
15 83
15 85
16 41
16 55
16 65
16 79
16 82
17 22
17 43
17 73
17 80
18 40
18 46
18 74
18 92
19 43
19 45
19 52
19 55
19 80
20 24
20 57
20 68
20 77
20 86
21 58
21 68
21 77
22 73
23 26
23 36
23 66
23 71
23 78
23 83
23 84
23 88
23 89
23 93
24 37
24 72
24 77
24 86
24 97
24 99
25 35
25 46
25 67
25 76
25 87
26 29
26 38
26 78
26 84
26 95
27 52
27 64
28 32
28 33
28 45
28 51
28 54
29 78
30 44
30 60
30 64
30 90
30 94
30 96
31 52
31 64
31 90
32 33
32 45
32 91
33 54
33 71
33 91
34 35
34 53
34 58
34 67
35 62
35 67
35 74
35 87
36 56
36 78
36 83
36 85
37 79
37 82
37 97
37 99
38 59
38 81
38 84
38 95
39 48
39 85
40 46
40 49
40 92
41 51
41 55
41 70
41 82
41 97
41 98
42 47
42 61
42 81
42 92
43 55
43 65
43 73
43 79
43 80
44 60
44 90
45 51
45 55
45 61
45 91
46 49
46 76
47 81
47 92
47 95
48 75
48 92
48 95
49 75
49 92
50 72
50 77
50 83
50 93
51 54
51 55
51 98
52 64
52 80
53 58
53 96
54 69
54 70
54 71
54 98
55 65
56 83
56 85
58 67
58 76
59 61
59 63
59 81
59 84
60 96
61 63
61 81
61 89
61 91
61 92
62 74
62 87
63 84
63 89
64 90
65 79
66 69
66 70
66 88
66 93
66 97
67 76
68 77
69 70
69 71
69 88
70 97
70 98
71 88
71 89
71 91
72 77
72 93
72 97
73 79
74 92
74 94
75 92
79 82
81 95
82 97
83 93
84 89
86 90
86 99
89 91
92 95
93 97
94 96

================================================================================
РАСКРАСКА ПО ВЕРШИНАМ
================================================================================
0: 3 (ЧЕТВЁРТЫЙ)
1: 0 (КРАСНЫЙ)
2: 3 (ЧЕТВЁРТЫЙ)
3: 0 (КРАСНЫЙ)
4: 3 (ЧЕТВЁРТЫЙ)
5: 2 (ЗЕЛЁНЫЙ)
6: 3 (ЧЕТВЁРТЫЙ)
7: 0 (КРАСНЫЙ)
8: 1 (СИНИЙ)
9: 0 (КРАСНЫЙ)
10: 1 (СИНИЙ)
11: 2 (ЗЕЛЁНЫЙ)
12: 0 (КРАСНЫЙ)
13: 3 (ЧЕТВЁРТЫЙ)
14: 3 (ЧЕТВЁРТЫЙ)
15: 3 (ЧЕТВЁРТЫЙ)
16: 2 (ЗЕЛЁНЫЙ)
17: 3 (ЧЕТВЁРТЫЙ)
18: 3 (ЧЕТВЁРТЫЙ)
19: 0 (КРАСНЫЙ)
20: 3 (ЧЕТВЁРТЫЙ)
21: 1 (СИНИЙ)
22: 2 (ЗЕЛЁНЫЙ)
23: 3 (ЧЕТВЁРТЫЙ)
24: 1 (СИНИЙ)
25: 3 (ЧЕТВЁРТЫЙ)
26: 1 (СИНИЙ)
27: 0 (КРАСНЫЙ)
28: 3 (ЧЕТВЁРТЫЙ)
29: 0 (КРАСНЫЙ)
30: 3 (ЧЕТВЁРТЫЙ)
31: 0 (КРАСНЫЙ)
32: 0 (КРАСНЫЙ)
33: 1 (СИНИЙ)
34: 0 (КРАСНЫЙ)
35: 1 (СИНИЙ)
36: 0 (КРАСНЫЙ)
37: 0 (КРАСНЫЙ)
38: 3 (ЧЕТВЁРТЫЙ)
39: 1 (СИНИЙ)
40: 2 (ЗЕЛЁНЫЙ)
41: 0 (КРАСНЫЙ)
42: 3 (ЧЕТВЁРТЫЙ)
43: 1 (СИНИЙ)
44: 2 (ЗЕЛЁНЫЙ)
45: 1 (СИНИЙ)
46: 1 (СИНИЙ)
47: 0 (КРАСНЫЙ)
48: 0 (КРАСНЫЙ)
49: 0 (КРАСНЫЙ)
50: 1 (СИНИЙ)
51: 2 (ЗЕЛЁНЫЙ)
52: 1 (СИНИЙ)
53: 1 (СИНИЙ)
54: 0 (КРАСНЫЙ)
55: 3 (ЧЕТВЁРТЫЙ)
56: 1 (СИНИЙ)
57: 2 (ЗЕЛЁНЫЙ)
58: 3 (ЧЕТВЁРТЫЙ)
59: 2 (ЗЕЛЁНЫЙ)
60: 0 (КРАСНЫЙ)
61: 0 (КРАСНЫЙ)
62: 3 (ЧЕТВЁРТЫЙ)
63: 3 (ЧЕТВЁРТЫЙ)
64: 2 (ЗЕЛЁНЫЙ)
65: 0 (КРАСНЫЙ)
66: 1 (СИНИЙ)
67: 2 (ЗЕЛЁНЫЙ)
68: 2 (ЗЕЛЁНЫЙ)
69: 3 (ЧЕТВЁРТЫЙ)
70: 2 (ЗЕЛЁНЫЙ)
71: 2 (ЗЕЛЁНЫЙ)
72: 2 (ЗЕЛЁНЫЙ)
73: 0 (КРАСНЫЙ)
74: 2 (ЗЕЛЁНЫЙ)
75: 2 (ЗЕЛЁНЫЙ)
76: 0 (КРАСНЫЙ)
77: 0 (КРАСНЫЙ)
78: 2 (ЗЕЛЁНЫЙ)
79: 3 (ЧЕТВЁРТЫЙ)
80: 2 (ЗЕЛЁНЫЙ)
81: 1 (СИНИЙ)
82: 1 (СИНИЙ)
83: 2 (ЗЕЛЁНЫЙ)
84: 0 (КРАСНЫЙ)
85: 2 (ЗЕЛЁНЫЙ)
86: 2 (ЗЕЛЁНЫЙ)
87: 2 (ЗЕЛЁНЫЙ)
88: 0 (КРАСНЫЙ)
89: 1 (СИНИЙ)
90: 1 (СИНИЙ)
91: 3 (ЧЕТВЁРТЫЙ)
92: 1 (СИНИЙ)
93: 0 (КРАСНЫЙ)
94: 1 (СИНИЙ)
95: 2 (ЗЕЛЁНЫЙ)
96: 2 (ЗЕЛЁНЫЙ)
97: 3 (ЧЕТВЁРТЫЙ)
98: 3 (ЧЕТВЁРТЫЙ)
99: 3 (ЧЕТВЁРТЫЙ)

================================================================================
РЕЗУЛЬТАТ ПРОВЕРКИ
================================================================================
Всего рёбер: 294
Проверено рёбер: 294
Конфликты: НЕТ
OK: КОНФЛИКТОВ НЕТ! Раскраска корректна.
