Лог-файл раскраски графа
Граф: graph_100_071
Дата: 2026-09-21 10:29:17
Статус: УСПЕШНО
Время выполнения: 22.87 секунд
================================================================================

Загружен граф: 100 вершин, 294 рёбер
Имя графа: graph_100_071
Файл: graphs100\graph_100_071.json

================================================================================
ГРАФ
================================================================================
Всего вершин: 100
Всего рёбер: 294

Вершины:
0
1
2
3
4
5
6
7
8
9
10
11
12
13
14
15
16
17
18
19
20
21
22
23
24
25
26
27
28
29
30
31
32
33
34
35
36
37
38
39
40
41
42
43
44
45
46
47
48
49
50
51
52
53
54
55
56
57
58
59
60
61
62
63
64
65
66
67
68
69
70
71
72
73
74
75
76
77
78
79
80
81
82
83
84
85
86
87
88
89
90
91
92
93
94
95
96
97
98
99

Рёбра:
0 10
0 19
0 55
0 60
0 99
1 4
1 33
1 36
1 41
1 45
1 49
2 12
2 37
2 46
2 84
2 89
3 12
3 29
3 32
3 54
3 58
3 68
3 79
3 84
4 16
4 17
4 36
4 41
5 14
5 21
5 39
5 59
5 63
5 77
5 78
6 28
6 43
6 51
6 72
6 80
7 8
7 29
7 51
7 66
7 80
8 29
8 39
8 54
8 66
9 24
9 42
9 71
9 90
9 92
10 55
10 60
10 62
10 69
10 87
10 95
11 41
11 45
11 52
11 64
11 65
11 67
11 70
11 85
11 91
12 44
12 46
12 58
12 84
13 15
13 55
13 80
13 81
13 99
14 21
14 30
14 60
14 78
15 55
15 73
15 81
15 98
16 17
16 36
16 76
17 41
17 42
17 76
17 92
18 31
18 34
18 38
18 55
18 87
18 98
19 28
19 60
19 72
19 99
20 44
20 48
20 58
20 88
20 97
21 30
21 63
22 27
22 35
22 40
22 76
22 96
23 50
23 62
23 78
23 86
23 95
24 71
24 85
24 92
25 47
25 48
25 50
25 53
25 88
25 97
26 31
26 73
26 75
26 81
27 35
27 47
27 82
27 90
27 96
28 72
28 80
28 99
29 54
29 76
29 80
29 84
29 89
30 43
30 60
30 63
30 72
31 34
31 57
31 73
31 75
31 98
32 54
32 56
32 79
33 36
33 49
33 76
33 94
34 38
34 64
34 70
34 74
34 75
35 37
35 40
35 82
36 76
37 40
37 46
37 53
37 82
37 88
37 89
38 70
38 87
39 54
39 59
39 63
39 66
40 76
40 89
41 45
41 85
41 92
42 76
42 90
42 92
42 96
43 51
43 63
43 66
43 72
44 46
44 58
44 88
45 49
45 67
46 88
47 50
47 53
47 71
47 82
47 86
47 90
47 91
48 50
48 58
48 68
48 93
48 97
49 67
49 83
49 94
50 78
50 86
50 93
51 66
51 80
52 64
52 67
52 74
52 75
52 83
52 94
53 82
53 88
54 56
54 59
55 87
55 98
55 99
56 59
56 61
56 77
56 79
57 73
57 98
58 68
59 77
60 72
60 78
60 95
61 68
61 77
61 79
61 93
62 69
62 86
62 95
63 66
64 70
64 74
65 69
65 70
65 91
67 83
68 79
68 93
69 70
69 86
69 87
69 91
70 87
71 85
71 90
71 91
73 81
73 98
74 75
75 81
75 94
76 80
76 89
76 94
76 96
77 78
77 93
78 93
78 95
80 81
80 94
80 99
81 94
83 94
84 89
85 91
85 92
86 91
88 97
90 96

================================================================================
РАСКРАСКА ПО ВЕРШИНАМ
================================================================================
0: 0 (КРАСНЫЙ)
1: 0 (КРАСНЫЙ)
2: 0 (КРАСНЫЙ)
3: 0 (КРАСНЫЙ)
4: 1 (СИНИЙ)
5: 3 (ЧЕТВЁРТЫЙ)
6: 3 (ЧЕТВЁРТЫЙ)
7: 0 (КРАСНЫЙ)
8: 1 (СИНИЙ)
9: 0 (КРАСНЫЙ)
10: 1 (СИНИЙ)
11: 0 (КРАСНЫЙ)
12: 3 (ЧЕТВЁРТЫЙ)
13: 0 (КРАСНЫЙ)
14: 2 (ЗЕЛЁНЫЙ)
15: 3 (ЧЕТВЁРТЫЙ)
16: 2 (ЗЕЛЁНЫЙ)
17: 0 (КРАСНЫЙ)
18: 3 (ЧЕТВЁРТЫЙ)
19: 1 (СИНИЙ)
20: 3 (ЧЕТВЁРТЫЙ)
21: 0 (КРАСНЫЙ)
22: 2 (ЗЕЛЁНЫЙ)
23: 0 (КРАСНЫЙ)
24: 3 (ЧЕТВЁРТЫЙ)
25: 2 (ЗЕЛЁНЫЙ)
26: 3 (ЧЕТВЁРТЫЙ)
27: 3 (ЧЕТВЁРТЫЙ)
28: 0 (КРАСНЫЙ)
29: 3 (ЧЕТВЁРТЫЙ)
30: 1 (СИНИЙ)
31: 0 (КРАСНЫЙ)
32: 1 (СИНИЙ)
33: 2 (ЗЕЛЁНЫЙ)
34: 1 (СИНИЙ)
35: 1 (СИНИЙ)
36: 3 (ЧЕТВЁРТЫЙ)
37: 3 (ЧЕТВЁРТЫЙ)
38: 2 (ЗЕЛЁНЫЙ)
39: 0 (КРАСНЫЙ)
40: 0 (КРАСНЫЙ)
41: 3 (ЧЕТВЁРТЫЙ)
42: 3 (ЧЕТВЁРТЫЙ)
43: 0 (КРАСНЫЙ)
44: 1 (СИНИЙ)
45: 2 (ЗЕЛЁНЫЙ)
46: 2 (ЗЕЛЁНЫЙ)
47: 0 (КРАСНЫЙ)
48: 0 (КРАСНЫЙ)
49: 1 (СИНИЙ)
50: 3 (ЧЕТВЁРТЫЙ)
51: 1 (СИНИЙ)
52: 1 (СИНИЙ)
53: 1 (СИНИЙ)
54: 2 (ЗЕЛЁНЫЙ)
55: 2 (ЗЕЛЁНЫЙ)
56: 3 (ЧЕТВЁРТЫЙ)
57: 3 (ЧЕТВЁРТЫЙ)
58: 2 (ЗЕЛЁНЫЙ)
59: 1 (СИНИЙ)
60: 3 (ЧЕТВЁРТЫЙ)
61: 1 (СИНИЙ)
62: 3 (ЧЕТВЁРТЫЙ)
63: 2 (ЗЕЛЁНЫЙ)
64: 2 (ЗЕЛЁНЫЙ)
65: 1 (СИНИЙ)
66: 3 (ЧЕТВЁРТЫЙ)
67: 3 (ЧЕТВЁРТЫЙ)
68: 3 (ЧЕТВЁРТЫЙ)
69: 2 (ЗЕЛЁНЫЙ)
70: 3 (ЧЕТВЁРТЫЙ)
71: 1 (СИНИЙ)
72: 2 (ЗЕЛЁНЫЙ)
73: 2 (ЗЕЛЁНЫЙ)
74: 3 (ЧЕТВЁРТЫЙ)
75: 2 (ЗЕЛЁНЫЙ)
76: 1 (СИНИЙ)
77: 0 (КРАСНЫЙ)
78: 1 (СИНИЙ)
79: 2 (ЗЕЛЁНЫЙ)
80: 2 (ЗЕЛЁНЫЙ)
81: 1 (СИНИЙ)
82: 2 (ЗЕЛЁНЫЙ)
83: 0 (КРАСНЫЙ)
84: 1 (СИНИЙ)
85: 2 (ЗЕЛЁНЫЙ)
86: 1 (СИНИЙ)
87: 0 (КРАСНЫЙ)
88: 0 (КРАСНЫЙ)
89: 2 (ЗЕЛЁНЫЙ)
90: 2 (ЗЕЛЁНЫЙ)
91: 3 (ЧЕТВЁРТЫЙ)
92: 1 (СИНИЙ)
93: 2 (ЗЕЛЁНЫЙ)
94: 3 (ЧЕТВЁРТЫЙ)
95: 2 (ЗЕЛЁНЫЙ)
96: 0 (КРАСНЫЙ)
97: 1 (СИНИЙ)
98: 1 (СИНИЙ)
99: 3 (ЧЕТВЁРТЫЙ)

================================================================================
РЕЗУЛЬТАТ ПРОВЕРКИ
================================================================================
Всего рёбер: 294
Проверено рёбер: 294
Конфликты: НЕТ
OK: КОНФЛИКТОВ НЕТ! Раскраска корректна.
