Лог-файл раскраски графа
Граф: graph_100_067
Дата: 2026-09-21 10:28:11
Статус: УСПЕШНО
Время выполнения: 11.77 секунд
================================================================================

Загружен граф: 100 вершин, 294 рёбер
Имя графа: graph_100_067
Файл: graphs100\graph_100_067.json

================================================================================
ГРАФ
================================================================================
Всего вершин: 100
Всего рёбер: 294

Вершины:
0
1
2
3
4
5
6
7
8
9
10
11
12
13
14
15
16
17
18
19
20
21
22
23
24
25
26
27
28
29
30
31
32
33
34
35
36
37
38
39
40
41
42
43
44
45
46
47
48
49
50
51
52
53
54
55
56
57
58
59
60
61
62
63
64
65
66
67
68
69
70
71
72
73
74
75
76
77
78
79
80
81
82
83
84
85
86
87
88
89
90
91
92
93
94
95
96
97
98
99

Рёбра:
0 13
0 17
0 27
0 31
0 32
0 66
0 74
0 82
1 29
1 47
1 52
1 77
1 86
2 7
2 36
2 37
2 38
2 80
3 18
3 23
3 25
3 35
3 55
4 19
4 50
4 61
4 63
4 65
4 98
5 14
5 56
5 64
5 78
5 85
5 99
6 7
6 9
6 12
6 15
6 22
6 42
6 68
7 12
7 36
7 38
7 42
8 30
8 44
8 45
8 65
8 73
8 83
8 93
8 98
9 15
9 26
9 29
9 33
9 42
9 77
9 95
10 23
10 48
10 55
11 26
11 42
11 59
11 87
11 88
11 95
12 22
12 38
13 64
13 66
13 82
13 85
13 95
14 20
14 43
14 56
14 72
14 99
15 33
15 68
15 91
16 20
16 41
16 47
16 51
16 52
16 54
16 76
16 81
16 84
17 23
17 25
17 32
17 74
18 35
18 53
18 55
18 87
18 88
18 97
19 61
19 65
19 70
20 43
20 51
20 72
20 75
20 76
20 99
21 46
21 52
21 77
21 84
22 38
22 68
23 25
23 32
23 48
23 55
24 34
24 37
24 48
24 55
24 97
25 27
25 35
25 40
25 74
26 42
26 95
27 31
27 40
27 74
28 46
28 69
28 77
28 89
29 77
29 78
29 85
29 86
29 95
30 37
30 38
30 44
30 45
30 68
30 94
30 96
31 40
31 82
31 90
32 48
32 66
32 75
32 76
32 79
32 83
33 57
33 58
33 69
33 77
33 89
33 91
34 37
34 53
34 60
34 80
34 97
35 40
35 87
35 90
36 42
36 60
36 80
36 88
37 38
37 48
37 80
37 93
37 96
38 68
39 46
39 58
39 63
39 89
39 98
40 90
41 50
41 54
41 70
41 84
41 92
42 88
43 99
44 73
44 91
44 94
45 93
45 96
46 50
46 63
46 77
46 84
46 89
47 51
47 52
47 86
48 55
48 83
48 93
49 56
49 67
49 72
49 75
49 79
50 61
50 63
50 70
50 84
51 71
51 86
51 99
52 77
52 84
53 60
53 88
53 97
54 81
54 83
54 92
55 97
56 64
56 67
56 72
57 58
57 62
57 91
57 98
58 89
58 98
59 82
59 87
59 90
59 95
60 80
60 88
61 70
62 73
62 91
62 98
63 98
64 66
64 67
64 85
65 70
65 83
65 92
65 98
66 67
66 79
67 79
68 91
68 94
69 77
69 89
70 92
71 78
71 86
71 99
72 75
73 91
73 98
75 76
75 79
76 81
76 83
78 85
78 86
78 99
81 83
82 90
82 95
83 92
83 93
85 95
87 88
87 90
91 94
93 96

================================================================================
РАСКРАСКА ПО ВЕРШИНАМ
================================================================================
0: 0 (КРАСНЫЙ)
1: 0 (КРАСНЫЙ)
2: 2 (ЗЕЛЁНЫЙ)
3: 0 (КРАСНЫЙ)
4: 0 (КРАСНЫЙ)
5: 1 (СИНИЙ)
6: 3 (ЧЕТВЁРТЫЙ)
7: 1 (СИНИЙ)
8: 0 (КРАСНЫЙ)
9: 0 (КРАСНЫЙ)
10: 2 (ЗЕЛЁНЫЙ)
11: 3 (ЧЕТВЁРТЫЙ)
12: 2 (ЗЕЛЁНЫЙ)
13: 1 (СИНИЙ)
14: 0 (КРАСНЫЙ)
15: 1 (СИНИЙ)
16: 3 (ЧЕТВЁРТЫЙ)
17: 1 (СИНИЙ)
18: 3 (ЧЕТВЁРТЫЙ)
19: 3 (ЧЕТВЁРТЫЙ)
20: 2 (ЗЕЛЁНЫЙ)
21: 2 (ЗЕЛЁНЫЙ)
22: 1 (СИНИЙ)
23: 3 (ЧЕТВЁРТЫЙ)
24: 2 (ЗЕЛЁНЫЙ)
25: 2 (ЗЕЛЁНЫЙ)
26: 1 (СИНИЙ)
27: 1 (СИНИЙ)
28: 0 (КРАСНЫЙ)
29: 1 (СИНИЙ)
30: 3 (ЧЕТВЁРТЫЙ)
31: 2 (ЗЕЛЁНЫЙ)
32: 2 (ЗЕЛЁНЫЙ)
33: 2 (ЗЕЛЁНЫЙ)
34: 3 (ЧЕТВЁРТЫЙ)
35: 1 (СИНИЙ)
36: 3 (ЧЕТВЁРТЫЙ)
37: 1 (СИНИЙ)
38: 0 (КРАСНЫЙ)
39: 0 (КРАСНЫЙ)
40: 3 (ЧЕТВЁРТЫЙ)
41: 1 (СИНИЙ)
42: 2 (ЗЕЛЁНЫЙ)
43: 1 (СИНИЙ)
44: 1 (СИНИЙ)
45: 1 (СИНИЙ)
46: 1 (СИНИЙ)
47: 2 (ЗЕЛЁНЫЙ)
48: 0 (КРАСНЫЙ)
49: 0 (КРАСНЫЙ)
50: 3 (ЧЕТВЁРТЫЙ)
51: 0 (КРАСНЫЙ)
52: 1 (СИНИЙ)
53: 1 (СИНИЙ)
54: 0 (КРАСНЫЙ)
55: 1 (СИНИЙ)
56: 3 (ЧЕТВЁРТЫЙ)
57: 0 (КРАСНЫЙ)
58: 1 (СИНИЙ)
59: 1 (СИНИЙ)
60: 2 (ЗЕЛЁНЫЙ)
61: 1 (СИНИЙ)
62: 1 (СИНИЙ)
63: 2 (ЗЕЛЁНЫЙ)
64: 0 (КРАСНЫЙ)
65: 1 (СИНИЙ)
66: 3 (ЧЕТВЁРТЫЙ)
67: 2 (ЗЕЛЁНЫЙ)
68: 2 (ЗЕЛЁНЫЙ)
69: 1 (СИНИЙ)
70: 0 (КРАСНЫЙ)
71: 1 (СИНИЙ)
72: 1 (СИНИЙ)
73: 2 (ЗЕЛЁНЫЙ)
74: 3 (ЧЕТВЁРТЫЙ)
75: 3 (ЧЕТВЁРТЫЙ)
76: 0 (КРАСНЫЙ)
77: 3 (ЧЕТВЁРТЫЙ)
78: 0 (КРАСНЫЙ)
79: 1 (СИНИЙ)
80: 0 (КРАСНЫЙ)
81: 1 (СИНИЙ)
82: 3 (ЧЕТВЁРТЫЙ)
83: 3 (ЧЕТВЁРТЫЙ)
84: 0 (КРАСНЫЙ)
85: 3 (ЧЕТВЁРТЫЙ)
86: 3 (ЧЕТВЁРТЫЙ)
87: 2 (ЗЕЛЁНЫЙ)
88: 0 (КРАСНЫЙ)
89: 3 (ЧЕТВЁРТЫЙ)
90: 0 (КРАСНЫЙ)
91: 3 (ЧЕТВЁРТЫЙ)
92: 2 (ЗЕЛЁНЫЙ)
93: 2 (ЗЕЛЁНЫЙ)
94: 0 (КРАСНЫЙ)
95: 2 (ЗЕЛЁНЫЙ)
96: 0 (КРАСНЫЙ)
97: 0 (КРАСНЫЙ)
98: 3 (ЧЕТВЁРТЫЙ)
99: 3 (ЧЕТВЁРТЫЙ)

================================================================================
РЕЗУЛЬТАТ ПРОВЕРКИ
================================================================================
Всего рёбер: 294
Проверено рёбер: 294
Конфликты: НЕТ
OK: КОНФЛИКТОВ НЕТ! Раскраска корректна.
