Лог-файл раскраски графа
Граф: graph_100_096
Дата: 2026-09-21 10:41:18
Статус: УСПЕШНО
Время выполнения: 12.27 секунд
================================================================================

Загружен граф: 100 вершин, 294 рёбер
Имя графа: graph_100_096
Файл: graphs100\graph_100_096.json

================================================================================
ГРАФ
================================================================================
Всего вершин: 100
Всего рёбер: 294

Вершины:
0
1
2
3
4
5
6
7
8
9
10
11
12
13
14
15
16
17
18
19
20
21
22
23
24
25
26
27
28
29
30
31
32
33
34
35
36
37
38
39
40
41
42
43
44
45
46
47
48
49
50
51
52
53
54
55
56
57
58
59
60
61
62
63
64
65
66
67
68
69
70
71
72
73
74
75
76
77
78
79
80
81
82
83
84
85
86
87
88
89
90
91
92
93
94
95
96
97
98
99

Рёбра:
0 14
0 26
0 32
0 39
0 46
0 96
1 9
1 27
1 47
1 51
1 62
1 80
2 18
2 31
2 57
2 93
3 8
3 20
3 66
3 87
3 89
4 12
4 38
4 57
4 78
5 21
5 28
5 45
5 52
5 60
5 73
6 19
6 31
6 52
6 56
6 60
6 63
6 99
7 29
7 33
7 42
7 44
7 58
7 61
7 92
8 16
8 20
8 42
8 69
8 87
8 96
9 62
9 80
9 98
10 62
10 75
10 94
10 98
11 22
11 35
11 64
11 81
11 85
11 86
11 91
12 38
12 43
12 50
12 57
12 93
13 39
13 64
13 75
13 81
13 94
13 95
14 32
14 96
15 35
15 48
15 72
15 74
15 86
16 42
16 45
16 56
16 72
16 74
16 87
17 22
17 25
17 77
17 79
17 80
17 84
17 91
18 31
18 37
18 63
18 88
18 90
18 93
19 31
19 33
19 52
19 53
19 57
19 78
20 40
20 49
20 66
20 96
21 28
21 29
21 52
21 58
21 73
22 80
22 85
22 91
23 54
23 67
23 77
23 83
23 84
23 90
23 97
24 67
24 82
24 97
25 51
25 77
25 80
26 34
26 46
26 76
26 96
27 32
27 47
27 51
27 62
27 77
28 42
28 45
28 58
28 73
29 33
29 52
29 58
30 34
30 55
30 68
30 70
30 72
31 57
31 63
32 39
32 54
32 62
32 77
32 94
32 96
33 52
33 53
33 61
34 46
34 55
34 68
34 76
35 59
35 68
35 70
35 72
35 81
35 86
35 95
36 40
36 49
36 55
36 65
36 76
37 63
37 67
37 82
37 90
38 43
38 44
38 54
38 69
38 78
38 92
38 96
39 46
39 59
39 68
39 94
39 95
40 49
40 65
40 96
41 48
41 79
41 82
41 86
41 91
41 99
42 44
42 45
42 58
42 69
43 50
43 54
43 71
44 69
44 92
45 56
45 60
46 68
47 62
48 74
48 86
48 99
49 55
49 66
49 89
50 71
50 93
51 77
51 80
52 60
53 61
53 78
54 71
54 77
54 83
54 96
55 72
55 76
55 87
55 89
56 60
56 74
56 99
57 78
57 93
59 68
59 95
61 78
61 92
62 94
62 98
63 82
63 99
64 75
64 81
64 85
64 98
65 76
65 96
66 89
67 82
67 90
67 97
68 70
69 96
70 72
71 83
71 88
71 93
72 74
72 87
74 99
75 94
75 98
76 96
77 84
78 92
79 82
79 84
79 91
79 97
80 85
80 98
81 95
82 97
82 99
83 88
83 90
84 97
85 98
86 91
87 89
88 90
88 93

================================================================================
РАСКРАСКА ПО ВЕРШИНАМ
================================================================================
0: 1 (СИНИЙ)
1: 0 (КРАСНЫЙ)
2: 2 (ЗЕЛЁНЫЙ)
3: 3 (ЧЕТВЁРТЫЙ)
4: 1 (СИНИЙ)
5: 2 (ЗЕЛЁНЫЙ)
6: 0 (КРАСНЫЙ)
7: 0 (КРАСНЫЙ)
8: 0 (КРАСНЫЙ)
9: 1 (СИНИЙ)
10: 0 (КРАСНЫЙ)
11: 3 (ЧЕТВЁРТЫЙ)
12: 3 (ЧЕТВЁРТЫЙ)
13: 0 (КРАСНЫЙ)
14: 2 (ЗЕЛЁНЫЙ)
15: 3 (ЧЕТВЁРТЫЙ)
16: 3 (ЧЕТВЁРТЫЙ)
17: 0 (КРАСНЫЙ)
18: 3 (ЧЕТВЁРТЫЙ)
19: 3 (ЧЕТВЁРТЫЙ)
20: 1 (СИНИЙ)
21: 0 (КРАСНЫЙ)
22: 1 (СИНИЙ)
23: 0 (КРАСНЫЙ)
24: 0 (КРАСНЫЙ)
25: 1 (СИНИЙ)
26: 2 (ЗЕЛЁНЫЙ)
27: 1 (СИНИЙ)
28: 3 (ЧЕТВЁРТЫЙ)
29: 3 (ЧЕТВЁРТЫЙ)
30: 0 (КРАСНЫЙ)
31: 1 (СИНИЙ)
32: 0 (КРАСНЫЙ)
33: 2 (ЗЕЛЁНЫЙ)
34: 1 (СИНИЙ)
35: 0 (КРАСНЫЙ)
36: 1 (СИНИЙ)
37: 0 (КРАСНЫЙ)
38: 0 (КРАСНЫЙ)
39: 2 (ЗЕЛЁНЫЙ)
40: 0 (КРАСНЫЙ)
41: 0 (КРАСНЫЙ)
42: 1 (СИНИЙ)
43: 1 (СИНИЙ)
44: 3 (ЧЕТВЁРТЫЙ)
45: 0 (КРАСНЫЙ)
46: 0 (КРАСНЫЙ)
47: 2 (ЗЕЛЁНЫЙ)
48: 2 (ЗЕЛЁНЫЙ)
49: 2 (ЗЕЛЁНЫЙ)
50: 2 (ЗЕЛЁНЫЙ)
51: 2 (ЗЕЛЁНЫЙ)
52: 1 (СИНИЙ)
53: 0 (КРАСНЫЙ)
54: 2 (ЗЕЛЁНЫЙ)
55: 3 (ЧЕТВЁРТЫЙ)
56: 1 (СИНИЙ)
57: 0 (КРАСНЫЙ)
58: 2 (ЗЕЛЁНЫЙ)
59: 1 (СИНИЙ)
60: 3 (ЧЕТВЁРТЫЙ)
61: 3 (ЧЕТВЁРТЫЙ)
62: 3 (ЧЕТВЁРТЫЙ)
63: 2 (ЗЕЛЁНЫЙ)
64: 1 (СИНИЙ)
65: 2 (ЗЕЛЁНЫЙ)
66: 0 (КРАСНЫЙ)
67: 3 (ЧЕТВЁРТЫЙ)
68: 3 (ЧЕТВЁРТЫЙ)
69: 2 (ЗЕЛЁНЫЙ)
70: 2 (ЗЕЛЁНЫЙ)
71: 0 (КРАСНЫЙ)
72: 1 (СИНИЙ)
73: 1 (СИНИЙ)
74: 0 (КРАСНЫЙ)
75: 3 (ЧЕТВЁРТЫЙ)
76: 0 (КРАСНЫЙ)
77: 3 (ЧЕТВЁРТЫЙ)
78: 2 (ЗЕЛЁНЫЙ)
79: 3 (ЧЕТВЁРТЫЙ)
80: 3 (ЧЕТВЁРТЫЙ)
81: 2 (ЗЕЛЁНЫЙ)
82: 1 (СИНИЙ)
83: 3 (ЧЕТВЁРТЫЙ)
84: 1 (СИНИЙ)
85: 0 (КРАСНЫЙ)
86: 1 (СИНИЙ)
87: 2 (ЗЕЛЁНЫЙ)
88: 2 (ЗЕЛЁНЫЙ)
89: 1 (СИНИЙ)
90: 1 (СИНИЙ)
91: 2 (ЗЕЛЁНЫЙ)
92: 1 (СИНИЙ)
93: 1 (СИНИЙ)
94: 1 (СИНИЙ)
95: 3 (ЧЕТВЁРТЫЙ)
96: 3 (ЧЕТВЁРТЫЙ)
97: 2 (ЗЕЛЁНЫЙ)
98: 2 (ЗЕЛЁНЫЙ)
99: 3 (ЧЕТВЁРТЫЙ)

================================================================================
РЕЗУЛЬТАТ ПРОВЕРКИ
================================================================================
Всего рёбер: 294
Проверено рёбер: 294
Конфликты: НЕТ
OK: КОНФЛИКТОВ НЕТ! Раскраска корректна.
