Лог-файл раскраски графа
Граф: graph_100_097
Дата: 2026-09-21 10:42:09
Статус: УСПЕШНО
Время выполнения: 51.48 секунд
================================================================================

Загружен граф: 100 вершин, 294 рёбер
Имя графа: graph_100_097
Файл: graphs100\graph_100_097.json

================================================================================
ГРАФ
================================================================================
Всего вершин: 100
Всего рёбер: 294

Вершины:
0
1
2
3
4
5
6
7
8
9
10
11
12
13
14
15
16
17
18
19
20
21
22
23
24
25
26
27
28
29
30
31
32
33
34
35
36
37
38
39
40
41
42
43
44
45
46
47
48
49
50
51
52
53
54
55
56
57
58
59
60
61
62
63
64
65
66
67
68
69
70
71
72
73
74
75
76
77
78
79
80
81
82
83
84
85
86
87
88
89
90
91
92
93
94
95
96
97
98
99

Рёбра:
0 3
0 15
0 24
0 27
0 56
0 67
0 71
0 72
0 77
1 9
1 44
1 51
1 62
1 79
1 90
2 18
2 19
2 23
2 42
2 49
2 61
2 84
3 17
3 27
3 72
3 77
4 5
4 14
4 45
4 55
4 88
5 14
5 45
5 63
5 73
5 78
6 20
6 25
6 50
6 66
6 75
7 8
7 14
7 41
7 78
8 16
8 31
8 37
8 41
8 78
9 44
9 68
9 73
9 83
9 90
10 21
10 33
10 39
10 47
10 54
10 95
10 99
11 46
11 57
11 60
11 64
11 82
11 87
11 94
12 24
12 34
12 40
12 53
12 64
12 71
12 82
12 89
13 22
13 32
13 44
13 97
13 98
14 41
14 78
14 80
14 88
15 24
15 40
15 56
15 67
15 76
16 31
16 32
16 37
16 58
16 63
17 23
17 27
17 28
17 59
17 70
17 74
17 77
17 81
18 23
18 28
18 46
18 49
18 81
19 23
19 42
19 70
19 74
20 43
20 66
20 75
20 96
21 47
21 52
21 85
21 92
21 95
22 44
22 79
22 93
22 97
23 70
23 81
24 40
24 67
24 71
25 39
25 48
25 50
25 52
25 75
25 95
26 35
26 41
26 47
26 69
27 41
27 56
27 59
27 66
27 72
28 46
28 53
28 77
28 81
28 82
29 61
29 62
29 79
30 38
30 55
30 68
30 85
30 86
30 88
30 90
31 41
31 58
31 59
32 44
32 58
32 63
32 73
32 98
33 39
33 48
33 54
33 91
34 36
34 40
34 43
34 52
34 60
34 75
34 89
34 96
35 47
35 69
35 80
35 85
35 88
35 92
36 38
36 52
36 57
36 60
36 85
37 63
37 78
38 57
38 85
38 90
39 48
39 95
40 43
40 76
41 47
41 59
41 66
41 69
41 80
41 91
41 99
42 61
42 74
42 79
42 93
43 56
43 66
43 76
43 96
44 73
44 79
45 55
45 73
45 83
46 49
46 82
46 94
47 92
47 99
48 50
48 91
49 51
49 65
49 84
49 94
50 66
50 91
51 61
51 62
51 65
51 90
51 94
52 75
52 85
52 95
53 71
53 77
53 82
54 91
54 99
55 83
55 86
55 88
56 66
56 76
57 60
57 90
57 94
58 59
58 98
59 74
59 93
59 97
59 98
60 87
60 89
61 62
61 65
61 79
61 84
62 79
63 73
63 78
64 82
64 87
64 89
65 84
66 91
68 83
68 86
68 90
69 80
70 74
71 77
73 83
74 93
75 96
79 93
80 88
83 86
85 88
85 92
87 89
90 94
91 99
93 97
97 98

================================================================================
РАСКРАСКА ПО ВЕРШИНАМ
================================================================================
0: 3 (ЧЕТВЁРТЫЙ)
1: 0 (КРАСНЫЙ)
2: 3 (ЧЕТВЁРТЫЙ)
3: 1 (СИНИЙ)
4: 2 (ЗЕЛЁНЫЙ)
5: 0 (КРАСНЫЙ)
6: 0 (КРАСНЫЙ)
7: 0 (КРАСНЫЙ)
8: 3 (ЧЕТВЁРТЫЙ)
9: 3 (ЧЕТВЁРТЫЙ)
10: 0 (КРАСНЫЙ)
11: 0 (КРАСНЫЙ)
12: 1 (СИНИЙ)
13: 3 (ЧЕТВЁРТЫЙ)
14: 3 (ЧЕТВЁРТЫЙ)
15: 1 (СИНИЙ)
16: 1 (СИНИЙ)
17: 0 (КРАСНЫЙ)
18: 0 (КРАСНЫЙ)
19: 0 (КРАСНЫЙ)
20: 1 (СИНИЙ)
21: 3 (ЧЕТВЁРТЫЙ)
22: 1 (СИНИЙ)
23: 1 (СИНИЙ)
24: 2 (ЗЕЛЁНЫЙ)
25: 3 (ЧЕТВЁРТЫЙ)
26: 0 (КРАСНЫЙ)
27: 2 (ЗЕЛЁНЫЙ)
28: 1 (СИНИЙ)
29: 0 (КРАСНЫЙ)
30: 3 (ЧЕТВЁРТЫЙ)
31: 0 (КРАСНЫЙ)
32: 0 (КРАСНЫЙ)
33: 3 (ЧЕТВЁРТЫЙ)
34: 3 (ЧЕТВЁРТЫЙ)
35: 3 (ЧЕТВЁРТЫЙ)
36: 0 (КРАСНЫЙ)
37: 0 (КРАСНЫЙ)
38: 1 (СИНИЙ)
39: 1 (СИНИЙ)
40: 0 (КРАСНЫЙ)
41: 1 (СИНИЙ)
42: 1 (СИНИЙ)
43: 2 (ЗЕЛЁНЫЙ)
44: 2 (ЗЕЛЁНЫЙ)
45: 3 (ЧЕТВЁРТЫЙ)
46: 3 (ЧЕТВЁРТЫЙ)
47: 2 (ЗЕЛЁНЫЙ)
48: 0 (КРАСНЫЙ)
49: 2 (ЗЕЛЁНЫЙ)
50: 1 (СИНИЙ)
51: 3 (ЧЕТВЁРТЫЙ)
52: 1 (СИНИЙ)
53: 3 (ЧЕТВЁРТЫЙ)
54: 1 (СИНИЙ)
55: 0 (КРАСНЫЙ)
56: 0 (КРАСНЫЙ)
57: 3 (ЧЕТВЁРТЫЙ)
58: 2 (ЗЕЛЁНЫЙ)
59: 3 (ЧЕТВЁРТЫЙ)
60: 1 (СИНИЙ)
61: 2 (ЗЕЛЁНЫЙ)
62: 1 (СИНИЙ)
63: 3 (ЧЕТВЁРТЫЙ)
64: 3 (ЧЕТВЁРТЫЙ)
65: 0 (КРАСНЫЙ)
66: 3 (ЧЕТВЁРТЫЙ)
67: 0 (КРАСНЫЙ)
68: 0 (КРАСНЫЙ)
69: 2 (ЗЕЛЁНЫЙ)
70: 3 (ЧЕТВЁРТЫЙ)
71: 0 (КРАСНЫЙ)
72: 0 (КРАСНЫЙ)
73: 1 (СИНИЙ)
74: 2 (ЗЕЛЁНЫЙ)
75: 2 (ЗЕЛЁНЫЙ)
76: 3 (ЧЕТВЁРТЫЙ)
77: 2 (ЗЕЛЁНЫЙ)
78: 1 (СИНИЙ)
79: 3 (ЧЕТВЁРТЫЙ)
80: 0 (КРАСНЫЙ)
81: 3 (ЧЕТВЁРТЫЙ)
82: 2 (ЗЕЛЁНЫЙ)
83: 2 (ЗЕЛЁНЫЙ)
84: 1 (СИНИЙ)
85: 2 (ЗЕЛЁНЫЙ)
86: 1 (СИНИЙ)
87: 2 (ЗЕЛЁНЫЙ)
88: 1 (СИНИЙ)
89: 0 (КРАСНЫЙ)
90: 2 (ЗЕЛЁНЫЙ)
91: 2 (ЗЕЛЁНЫЙ)
92: 0 (КРАСНЫЙ)
93: 0 (КРАСНЫЙ)
94: 1 (СИНИЙ)
95: 2 (ЗЕЛЁНЫЙ)
96: 0 (КРАСНЫЙ)
97: 2 (ЗЕЛЁНЫЙ)
98: 1 (СИНИЙ)
99: 3 (ЧЕТВЁРТЫЙ)

================================================================================
РЕЗУЛЬТАТ ПРОВЕРКИ
================================================================================
Всего рёбер: 294
Проверено рёбер: 294
Конфликты: НЕТ
OK: КОНФЛИКТОВ НЕТ! Раскраска корректна.
