Лог-файл раскраски графа
Граф: graph_100_056
Дата: 2026-09-21 10:22:34
Статус: УСПЕШНО
Время выполнения: 11.11 секунд
================================================================================

Загружен граф: 100 вершин, 294 рёбер
Имя графа: graph_100_056
Файл: graphs100\graph_100_056.json

================================================================================
ГРАФ
================================================================================
Всего вершин: 100
Всего рёбер: 294

Вершины:
0
1
2
3
4
5
6
7
8
9
10
11
12
13
14
15
16
17
18
19
20
21
22
23
24
25
26
27
28
29
30
31
32
33
34
35
36
37
38
39
40
41
42
43
44
45
46
47
48
49
50
51
52
53
54
55
56
57
58
59
60
61
62
63
64
65
66
67
68
69
70
71
72
73
74
75
76
77
78
79
80
81
82
83
84
85
86
87
88
89
90
91
92
93
94
95
96
97
98
99

Рёбра:
0 25
0 33
0 45
0 69
0 99
1 21
1 22
1 23
1 40
1 53
1 61
2 59
2 76
2 78
2 82
2 89
3 12
3 18
3 31
3 38
3 54
3 55
3 84
3 93
4 33
4 64
4 71
4 88
4 99
5 35
5 37
5 74
5 81
5 83
5 86
6 21
6 23
6 62
6 77
6 79
7 30
7 53
7 56
7 64
7 88
7 91
7 96
8 17
8 21
8 22
8 26
8 33
8 66
8 71
8 79
9 15
9 39
9 58
9 65
9 72
9 76
9 78
10 13
10 30
10 57
10 64
11 24
11 28
11 49
11 98
12 55
12 59
12 93
13 34
13 47
13 57
13 64
13 72
14 34
14 41
14 69
14 97
15 34
15 65
15 72
15 97
16 36
16 43
16 74
16 87
16 96
17 25
17 45
17 62
17 66
17 79
18 36
18 44
18 84
18 93
18 96
19 31
19 52
19 54
19 55
19 92
20 27
20 29
20 40
20 43
20 61
21 22
21 23
21 79
22 26
22 53
22 88
23 40
23 77
24 28
24 54
24 67
24 85
24 94
24 95
24 98
25 33
25 45
25 66
26 71
26 88
27 29
27 43
27 74
27 83
28 29
28 35
28 37
28 49
28 77
28 94
29 37
29 40
29 77
29 83
30 57
30 64
30 68
30 91
31 54
31 55
32 34
32 51
32 69
32 99
33 66
33 71
33 99
34 47
34 51
34 69
34 72
34 97
35 37
35 49
35 67
35 81
36 74
36 84
36 96
37 83
38 54
38 60
38 84
38 86
38 90
39 42
39 48
39 63
39 72
39 73
39 78
39 89
40 61
40 77
41 69
41 97
42 46
42 48
42 56
42 59
42 73
42 93
43 53
43 61
43 74
43 87
44 46
44 93
44 96
45 62
45 69
45 77
46 56
46 93
46 96
47 51
47 64
47 99
48 59
48 89
49 67
49 98
50 58
50 65
50 70
50 75
50 94
51 99
52 54
52 70
52 82
52 92
52 94
53 61
53 87
53 88
53 96
54 60
54 85
54 94
55 59
55 92
56 73
56 91
56 96
57 63
57 68
57 72
58 65
58 75
58 76
58 82
59 82
59 89
59 92
59 93
60 80
60 85
60 90
62 77
62 79
63 68
63 72
63 73
63 91
64 88
64 99
65 94
65 97
67 81
67 95
67 98
68 91
69 77
69 94
69 97
69 99
70 75
70 82
70 94
71 88
73 91
74 83
74 84
74 86
75 82
76 78
76 82
77 94
78 89
80 81
80 85
80 86
80 90
80 95
81 86
81 95
82 92
84 86
85 95
86 90
87 96
94 97

================================================================================
РАСКРАСКА ПО ВЕРШИНАМ
================================================================================
0: 0 (КРАСНЫЙ)
1: 3 (ЧЕТВЁРТЫЙ)
2: 0 (КРАСНЫЙ)
3: 3 (ЧЕТВЁРТЫЙ)
4: 0 (КРАСНЫЙ)
5: 1 (СИНИЙ)
6: 3 (ЧЕТВЁРТЫЙ)
7: 0 (КРАСНЫЙ)
8: 3 (ЧЕТВЁРТЫЙ)
9: 3 (ЧЕТВЁРТЫЙ)
10: 2 (ЗЕЛЁНЫЙ)
11: 3 (ЧЕТВЁРТЫЙ)
12: 0 (КРАСНЫЙ)
13: 0 (КРАСНЫЙ)
14: 0 (КРАСНЫЙ)
15: 0 (КРАСНЫЙ)
16: 2 (ЗЕЛЁНЫЙ)
17: 1 (СИНИЙ)
18: 0 (КРАСНЫЙ)
19: 3 (ЧЕТВЁРТЫЙ)
20: 0 (КРАСНЫЙ)
21: 1 (СИНИЙ)
22: 0 (КРАСНЫЙ)
23: 0 (КРАСНЫЙ)
24: 0 (КРАСНЫЙ)
25: 2 (ЗЕЛЁНЫЙ)
26: 1 (СИНИЙ)
27: 1 (СИНИЙ)
28: 1 (СИНИЙ)
29: 3 (ЧЕТВЁРТЫЙ)
30: 3 (ЧЕТВЁРТЫЙ)
31: 0 (КРАСНЫЙ)
32: 0 (КРАСНЫЙ)
33: 1 (СИНИЙ)
34: 3 (ЧЕТВЁРТЫЙ)
35: 3 (ЧЕТВЁРТЫЙ)
36: 1 (СИНИЙ)
37: 0 (КРАСНЫЙ)
38: 0 (КРАСНЫЙ)
39: 1 (СИНИЙ)
40: 1 (СИНИЙ)
41: 3 (ЧЕТВЁРТЫЙ)
42: 3 (ЧЕТВЁРТЫЙ)
43: 3 (ЧЕТВЁРТЫЙ)
44: 1 (СИНИЙ)
45: 3 (ЧЕТВЁРТЫЙ)
46: 0 (КРАСНЫЙ)
47: 2 (ЗЕЛЁНЫЙ)
48: 0 (КРАСНЫЙ)
49: 0 (КРАСНЫЙ)
50: 2 (ЗЕЛЁНЫЙ)
51: 1 (СИНИЙ)
52: 1 (СИНИЙ)
53: 1 (СИНИЙ)
54: 2 (ЗЕЛЁНЫЙ)
55: 2 (ЗЕЛЁНЫЙ)
56: 1 (СИНИЙ)
57: 1 (СИНИЙ)
58: 0 (КРАСНЫЙ)
59: 1 (СИНИЙ)
60: 3 (ЧЕТВЁРТЫЙ)
61: 2 (ЗЕЛЁНЫЙ)
62: 0 (КРАСНЫЙ)
63: 3 (ЧЕТВЁРТЫЙ)
64: 1 (СИНИЙ)
65: 1 (СИНИЙ)
66: 0 (КРАСНЫЙ)
67: 1 (СИНИЙ)
68: 0 (КРАСНЫЙ)
69: 1 (СИНИЙ)
70: 0 (КРАСНЫЙ)
71: 2 (ЗЕЛЁНЫЙ)
72: 2 (ЗЕЛЁНЫЙ)
73: 0 (КРАСНЫЙ)
74: 0 (КРАСНЫЙ)
75: 1 (СИНИЙ)
76: 1 (СИНИЙ)
77: 2 (ЗЕЛЁНЫЙ)
78: 2 (ЗЕЛЁНЫЙ)
79: 2 (ЗЕЛЁНЫЙ)
80: 0 (КРАСНЫЙ)
81: 2 (ЗЕЛЁНЫЙ)
82: 3 (ЧЕТВЁРТЫЙ)
83: 2 (ЗЕЛЁНЫЙ)
84: 2 (ЗЕЛЁНЫЙ)
85: 1 (СИНИЙ)
86: 3 (ЧЕТВЁРТЫЙ)
87: 0 (КРАСНЫЙ)
88: 3 (ЧЕТВЁРТЫЙ)
89: 3 (ЧЕТВЁРТЫЙ)
90: 1 (СИНИЙ)
91: 2 (ЗЕЛЁНЫЙ)
92: 0 (КРАСНЫЙ)
93: 2 (ЗЕЛЁНЫЙ)
94: 3 (ЧЕТВЁРТЫЙ)
95: 3 (ЧЕТВЁРТЫЙ)
96: 3 (ЧЕТВЁРТЫЙ)
97: 2 (ЗЕЛЁНЫЙ)
98: 2 (ЗЕЛЁНЫЙ)
99: 3 (ЧЕТВЁРТЫЙ)

================================================================================
РЕЗУЛЬТАТ ПРОВЕРКИ
================================================================================
Всего рёбер: 294
Проверено рёбер: 294
Конфликты: НЕТ
OK: КОНФЛИКТОВ НЕТ! Раскраска корректна.
