Лог-файл раскраски графа
Граф: graph_100_002
Дата: 2026-09-21 10:01:40
Статус: НЕ УДАЛОСЬ
Время выполнения: 11.16 секунд
================================================================================

Загружен граф: 100 вершин, 294 рёбер
Имя графа: graph_100_002
Файл: graphs100\graph_100_002.json

================================================================================
ГРАФ
================================================================================
Всего вершин: 100
Всего рёбер: 294

Вершины:
0
1
2
3
4
5
6
7
8
9
10
11
12
13
14
15
16
17
18
19
20
21
22
23
24
25
26
27
28
29
30
31
32
33
34
35
36
37
38
39
40
41
42
43
44
45
46
47
48
49
50
51
52
53
54
55
56
57
58
59
60
61
62
63
64
65
66
67
68
69
70
71
72
73
74
75
76
77
78
79
80
81
82
83
84
85
86
87
88
89
90
91
92
93
94
95
96
97
98
99

Рёбра:
0 10
0 11
0 27
0 38
0 40
1 17
1 22
1 42
1 59
1 85
2 4
2 17
2 35
2 36
2 42
2 83
2 84
3 6
3 12
3 19
3 32
3 74
3 76
4 14
4 36
4 61
4 64
4 66
4 83
5 16
5 18
5 48
5 52
5 59
5 60
5 72
5 85
6 12
6 32
6 47
6 63
6 78
6 97
7 19
7 26
7 49
7 55
7 63
7 74
8 20
8 41
8 52
8 80
8 98
9 50
9 71
9 73
9 95
10 11
10 15
10 25
10 40
11 15
11 27
11 33
11 64
11 83
12 19
12 63
13 28
13 61
13 64
13 75
13 77
13 86
14 36
14 62
14 66
14 97
15 25
15 35
15 58
15 81
15 83
16 22
16 41
16 52
16 59
17 22
17 35
17 42
17 54
18 30
18 52
18 72
18 98
19 63
19 74
20 29
20 34
20 80
20 98
20 99
21 34
21 39
21 44
21 71
21 80
22 41
22 54
22 59
23 26
23 57
23 60
23 74
23 92
23 93
24 57
24 82
24 89
24 92
25 40
25 58
25 70
26 55
26 74
26 89
26 92
27 33
27 38
28 45
28 64
28 75
29 34
29 51
29 68
29 99
30 37
30 72
30 98
30 99
31 39
31 50
31 70
31 71
31 79
32 43
32 47
32 76
32 90
33 38
33 45
33 64
34 44
34 68
34 80
35 54
35 81
35 83
36 47
36 84
36 90
36 97
37 46
37 51
37 72
37 88
37 99
38 40
38 45
38 73
38 75
38 94
39 41
39 71
39 79
39 80
39 96
40 70
40 73
41 52
41 54
41 80
41 81
41 96
42 84
42 85
43 56
43 76
43 90
44 68
44 71
44 73
44 95
45 64
45 75
46 48
46 72
46 88
47 90
47 97
48 57
48 60
48 72
48 88
49 53
49 55
49 63
50 70
50 71
50 73
51 68
51 88
51 91
51 99
52 98
53 55
53 63
53 68
53 89
54 81
55 89
56 67
56 76
56 84
56 90
57 60
57 82
57 88
57 91
57 92
58 70
58 79
58 81
59 85
60 67
60 85
60 87
60 93
61 62
61 64
61 66
61 86
62 65
62 66
62 69
62 86
62 97
63 68
63 78
63 94
64 83
65 69
65 78
65 97
67 76
67 84
67 85
67 87
68 73
68 82
68 89
68 91
68 94
69 78
69 86
69 94
70 73
70 79
71 95
73 94
73 95
74 76
74 93
75 77
75 94
76 87
76 93
77 86
77 94
78 94
78 97
79 81
79 96
81 96
82 89
82 91
84 85
84 90
86 94
87 93
88 91
89 92
98 99

================================================================================
РАСКРАСКА ПО ВЕРШИНАМ
================================================================================
0: 2 (ЗЕЛЁНЫЙ)
1: 0 (КРАСНЫЙ)
2: 3 (ЧЕТВЁРТЫЙ)
3: 0 (КРАСНЫЙ)
4: 0 (КРАСНЫЙ)
5: 0 (КРАСНЫЙ)
6: 3 (ЧЕТВЁРТЫЙ)
7: 0 (КРАСНЫЙ)
8: 0 (КРАСНЫЙ)
9: 2 (ЗЕЛЁНЫЙ)
10: 1 (СИНИЙ)
11: 3 (ЧЕТВЁРТЫЙ)
12: 2 (ЗЕЛЁНЫЙ)
13: ? (НЕ РАСКРАШЕНА)
14: 3 (ЧЕТВЁРТЫЙ)
15: 0 (КРАСНЫЙ)
16: 1 (СИНИЙ)
17: 1 (СИНИЙ)
18: 1 (СИНИЙ)
19: 3 (ЧЕТВЁРТЫЙ)
20: 1 (СИНИЙ)
21: 1 (СИНИЙ)
22: 3 (ЧЕТВЁРТЫЙ)
23: 0 (КРАСНЫЙ)
24: 3 (ЧЕТВЁРТЫЙ)
25: 2 (ЗЕЛЁНЫЙ)
26: 3 (ЧЕТВЁРТЫЙ)
27: 1 (СИНИЙ)
28: 3 (ЧЕТВЁРТЫЙ)
29: 2 (ЗЕЛЁНЫЙ)
30: 0 (КРАСНЫЙ)
31: 1 (СИНИЙ)
32: 1 (СИНИЙ)
33: 0 (КРАСНЫЙ)
34: 0 (КРАСНЫЙ)
35: 2 (ЗЕЛЁНЫЙ)
36: 1 (СИНИЙ)
37: 1 (СИНИЙ)
38: 3 (ЧЕТВЁРТЫЙ)
39: 0 (КРАСНЫЙ)
40: 0 (КРАСНЫЙ)
41: 2 (ЗЕЛЁНЫЙ)
42: 2 (ЗЕЛЁНЫЙ)
43: 0 (КРАСНЫЙ)
44: 2 (ЗЕЛЁНЫЙ)
45: 1 (СИНИЙ)
46: 0 (КРАСНЫЙ)
47: 0 (КРАСНЫЙ)
48: 1 (СИНИЙ)
49: 3 (ЧЕТВЁРТЫЙ)
50: 0 (КРАСНЫЙ)
51: 0 (КРАСНЫЙ)
52: 3 (ЧЕТВЁРТЫЙ)
53: 0 (КРАСНЫЙ)
54: 0 (КРАСНЫЙ)
55: 1 (СИНИЙ)
56: 1 (СИНИЙ)
57: 2 (ЗЕЛЁНЫЙ)
58: 1 (СИНИЙ)
59: 2 (ЗЕЛЁНЫЙ)
60: 3 (ЧЕТВЁРТЫЙ)
61: 3 (ЧЕТВЁРТЫЙ)
62: 0 (КРАСНЫЙ)
63: 1 (СИНИЙ)
64: 2 (ЗЕЛЁНЫЙ)
65: 1 (СИНИЙ)
66: 1 (СИНИЙ)
67: 2 (ЗЕЛЁНЫЙ)
68: 3 (ЧЕТВЁРТЫЙ)
69: 3 (ЧЕТВЁРТЫЙ)
70: 3 (ЧЕТВЁРТЫЙ)
71: 3 (ЧЕТВЁРТЫЙ)
72: 3 (ЧЕТВЁРТЫЙ)
73: 1 (СИНИЙ)
74: 1 (СИНИЙ)
75: 0 (КРАСНЫЙ)
76: 3 (ЧЕТВЁРТЫЙ)
77: 3 (ЧЕТВЁРТЫЙ)
78: 0 (КРАСНЫЙ)
79: 2 (ЗЕЛЁНЫЙ)
80: 3 (ЧЕТВЁРТЫЙ)
81: 3 (ЧЕТВЁРТЫЙ)
82: 0 (КРАСНЫЙ)
83: 1 (СИНИЙ)
84: 0 (КРАСНЫЙ)
85: 1 (СИНИЙ)
86: 1 (СИНИЙ)
87: 0 (КРАСНЫЙ)
88: 3 (ЧЕТВЁРТЫЙ)
89: 2 (ЗЕЛЁНЫЙ)
90: 3 (ЧЕТВЁРТЫЙ)
91: 1 (СИНИЙ)
92: 1 (СИНИЙ)
93: 2 (ЗЕЛЁНЫЙ)
94: 2 (ЗЕЛЁНЫЙ)
95: 0 (КРАСНЫЙ)
96: 1 (СИНИЙ)
97: 2 (ЗЕЛЁНЫЙ)
98: 2 (ЗЕЛЁНЫЙ)
99: 3 (ЧЕТВЁРТЫЙ)

================================================================================
РЕЗУЛЬТАТ ПРОВЕРКИ
================================================================================
Всего рёбер: 294
Проверено рёбер: 288
Конфликты: 0
  WARN: не все рёбра проверены (288 из 294)
FAIL: НАЙДЕНЫ КОНФЛИКТЫ
