Лог-файл раскраски графа
Граф: graph_100_005
Дата: 2026-09-21 10:02:16
Статус: УСПЕШНО
Время выполнения: 10.47 секунд
================================================================================

Загружен граф: 100 вершин, 294 рёбер
Имя графа: graph_100_005
Файл: graphs100\graph_100_005.json

================================================================================
ГРАФ
================================================================================
Всего вершин: 100
Всего рёбер: 294

Вершины:
0
1
2
3
4
5
6
7
8
9
10
11
12
13
14
15
16
17
18
19
20
21
22
23
24
25
26
27
28
29
30
31
32
33
34
35
36
37
38
39
40
41
42
43
44
45
46
47
48
49
50
51
52
53
54
55
56
57
58
59
60
61
62
63
64
65
66
67
68
69
70
71
72
73
74
75
76
77
78
79
80
81
82
83
84
85
86
87
88
89
90
91
92
93
94
95
96
97
98
99

Рёбра:
0 1
0 20
0 68
0 79
1 13
1 68
1 79
2 47
2 52
2 57
2 76
2 88
2 94
2 96
3 24
3 25
3 29
3 38
3 81
3 92
3 95
4 11
4 12
4 36
4 63
4 99
5 17
5 20
5 68
5 86
6 12
6 36
6 44
6 48
6 62
6 83
7 14
7 23
7 41
7 45
7 66
8 36
8 53
8 83
8 87
8 89
9 81
9 92
9 96
10 73
10 77
10 83
10 89
10 98
11 36
11 53
11 63
11 86
11 91
12 36
12 56
12 62
12 99
13 19
13 43
13 68
13 72
13 79
14 23
14 40
14 45
14 75
15 22
15 26
15 35
15 51
15 67
16 30
16 59
16 60
16 61
16 70
16 84
17 18
17 68
17 72
17 78
17 86
18 22
18 65
18 72
18 78
19 30
19 39
19 43
19 61
19 71
19 72
19 85
20 64
20 68
20 79
20 86
20 88
20 97
21 31
21 54
21 58
21 61
21 70
22 26
22 42
22 44
22 65
22 67
22 72
23 24
23 41
23 75
23 93
24 25
24 29
24 41
24 93
25 37
25 38
25 41
26 35
26 44
26 51
26 69
26 99
27 51
27 67
27 69
27 90
28 29
28 50
28 74
28 82
28 93
29 74
29 93
29 95
30 34
30 61
30 71
30 84
31 50
31 54
31 70
31 82
32 45
32 48
32 66
32 77
33 44
33 56
33 62
33 99
34 46
34 52
34 57
34 71
34 84
35 51
36 53
36 83
37 38
37 41
37 66
37 77
37 98
38 49
38 76
38 81
38 98
39 43
39 71
40 45
40 48
40 75
41 66
42 65
42 67
42 86
42 90
42 91
43 46
43 55
43 71
43 79
44 48
44 62
44 72
44 75
44 93
44 99
45 48
45 66
46 52
46 55
46 64
46 71
47 49
47 76
47 80
47 88
48 75
48 77
48 83
49 73
49 76
49 80
49 98
50 54
50 82
50 93
51 67
51 69
52 57
52 64
52 88
52 97
53 80
53 86
53 87
53 88
54 58
54 93
55 64
55 79
56 62
56 99
57 84
57 94
58 61
58 72
58 85
58 93
59 60
59 70
59 74
60 74
60 84
60 92
60 95
60 96
61 70
61 85
63 69
63 90
63 91
63 99
64 79
64 97
65 78
65 86
66 77
67 90
68 72
69 90
69 99
70 74
70 82
72 85
72 93
73 80
73 87
73 89
73 98
74 82
74 95
75 93
76 81
76 96
77 83
77 98
78 86
80 87
80 88
81 92
81 96
83 89
84 94
84 96
86 88
86 91
87 89
88 97
90 91
92 95
92 96
94 96

================================================================================
РАСКРАСКА ПО ВЕРШИНАМ
================================================================================
0: 0 (КРАСНЫЙ)
1: 1 (СИНИЙ)
2: 2 (ЗЕЛЁНЫЙ)
3: 0 (КРАСНЫЙ)
4: 2 (ЗЕЛЁНЫЙ)
5: 1 (СИНИЙ)
6: 0 (КРАСНЫЙ)
7: 1 (СИНИЙ)
8: 0 (КРАСНЫЙ)
9: 0 (КРАСНЫЙ)
10: 0 (КРАСНЫЙ)
11: 0 (КРАСНЫЙ)
12: 1 (СИНИЙ)
13: 0 (КРАСНЫЙ)
14: 3 (ЧЕТВЁРТЫЙ)
15: 0 (КРАСНЫЙ)
16: 3 (ЧЕТВЁРТЫЙ)
17: 0 (КРАСНЫЙ)
18: 2 (ЗЕЛЁНЫЙ)
19: 3 (ЧЕТВЁРТЫЙ)
20: 2 (ЗЕЛЁНЫЙ)
21: 3 (ЧЕТВЁРТЫЙ)
22: 3 (ЧЕТВЁРТЫЙ)
23: 0 (КРАСНЫЙ)
24: 1 (СИНИЙ)
25: 3 (ЧЕТВЁРТЫЙ)
26: 1 (СИНИЙ)
27: 0 (КРАСНЫЙ)
28: 0 (КРАСНЫЙ)
29: 2 (ЗЕЛЁНЫЙ)
30: 0 (КРАСНЫЙ)
31: 0 (КРАСНЫЙ)
32: 0 (КРАСНЫЙ)
33: 0 (КРАСНЫЙ)
34: 2 (ЗЕЛЁНЫЙ)
35: 2 (ЗЕЛЁНЫЙ)
36: 3 (ЧЕТВЁРТЫЙ)
37: 0 (КРАСНЫЙ)
38: 1 (СИНИЙ)
39: 0 (КРАСНЫЙ)
40: 0 (КРАСНЫЙ)
41: 2 (ЗЕЛЁНЫЙ)
42: 1 (СИНИЙ)
43: 2 (ЗЕЛЁНЫЙ)
44: 2 (ЗЕЛЁНЫЙ)
45: 2 (ЗЕЛЁНЫЙ)
46: 3 (ЧЕТВЁРТЫЙ)
47: 1 (СИНИЙ)
48: 3 (ЧЕТВЁРТЫЙ)
49: 2 (ЗЕЛЁНЫЙ)
50: 1 (СИНИЙ)
51: 3 (ЧЕТВЁРТЫЙ)
52: 1 (СИНИЙ)
53: 1 (СИНИЙ)
54: 2 (ЗЕЛЁНЫЙ)
55: 1 (СИНИЙ)
56: 2 (ЗЕЛЁНЫЙ)
57: 3 (ЧЕТВЁРТЫЙ)
58: 0 (КРАСНЫЙ)
59: 0 (КРАСНЫЙ)
60: 2 (ЗЕЛЁНЫЙ)
61: 1 (СИНИЙ)
62: 3 (ЧЕТВЁРТЫЙ)
63: 1 (СИНИЙ)
64: 0 (КРАСНЫЙ)
65: 0 (КРАСНЫЙ)
66: 3 (ЧЕТВЁРТЫЙ)
67: 2 (ЗЕЛЁНЫЙ)
68: 3 (ЧЕТВЁРТЫЙ)
69: 2 (ЗЕЛЁНЫЙ)
70: 2 (ЗЕЛЁНЫЙ)
71: 1 (СИНИЙ)
72: 1 (СИНИЙ)
73: 1 (СИНИЙ)
74: 1 (СИНИЙ)
75: 1 (СИНИЙ)
76: 0 (КРАСНЫЙ)
77: 1 (СИНИЙ)
78: 1 (СИНИЙ)
79: 3 (ЧЕТВЁРТЫЙ)
80: 3 (ЧЕТВЁРТЫЙ)
81: 2 (ЗЕЛЁНЫЙ)
82: 3 (ЧЕТВЁРТЫЙ)
83: 2 (ЗЕЛЁНЫЙ)
84: 1 (СИНИЙ)
85: 2 (ЗЕЛЁНЫЙ)
86: 3 (ЧЕТВЁРТЫЙ)
87: 2 (ЗЕЛЁНЫЙ)
88: 0 (КРАСНЫЙ)
89: 3 (ЧЕТВЁРТЫЙ)
90: 3 (ЧЕТВЁРТЫЙ)
91: 2 (ЗЕЛЁНЫЙ)
92: 1 (СИНИЙ)
93: 3 (ЧЕТВЁРТЫЙ)
94: 0 (КРАСНЫЙ)
95: 3 (ЧЕТВЁРТЫЙ)
96: 3 (ЧЕТВЁРТЫЙ)
97: 3 (ЧЕТВЁРТЫЙ)
98: 3 (ЧЕТВЁРТЫЙ)
99: 3 (ЧЕТВЁРТЫЙ)

================================================================================
РЕЗУЛЬТАТ ПРОВЕРКИ
================================================================================
Всего рёбер: 294
Проверено рёбер: 294
Конфликты: НЕТ
OK: КОНФЛИКТОВ НЕТ! Раскраска корректна.
