Лог-файл раскраски графа
Граф: graph_100_086
Дата: 2026-09-21 10:35:36
Статус: УСПЕШНО
Время выполнения: 10.09 секунд
================================================================================

Загружен граф: 100 вершин, 294 рёбер
Имя графа: graph_100_086
Файл: graphs100\graph_100_086.json

================================================================================
ГРАФ
================================================================================
Всего вершин: 100
Всего рёбер: 294

Вершины:
0
1
2
3
4
5
6
7
8
9
10
11
12
13
14
15
16
17
18
19
20
21
22
23
24
25
26
27
28
29
30
31
32
33
34
35
36
37
38
39
40
41
42
43
44
45
46
47
48
49
50
51
52
53
54
55
56
57
58
59
60
61
62
63
64
65
66
67
68
69
70
71
72
73
74
75
76
77
78
79
80
81
82
83
84
85
86
87
88
89
90
91
92
93
94
95
96
97
98
99

Рёбра:
0 8
0 16
0 30
0 37
0 74
1 13
1 54
1 64
1 70
1 71
1 73
2 10
2 13
2 23
2 40
2 54
2 70
2 71
2 84
3 42
3 43
3 75
3 80
3 90
4 22
4 34
4 38
4 59
4 92
4 97
5 71
5 73
5 78
5 83
5 87
6 24
6 53
6 72
6 77
7 14
7 26
7 68
7 95
8 16
8 17
8 28
8 67
8 74
8 96
9 33
9 56
9 78
9 79
9 83
9 87
10 27
10 71
10 83
10 84
10 99
11 22
11 36
11 46
11 58
11 66
11 89
12 15
12 47
12 52
12 57
12 75
12 76
12 80
12 81
12 99
13 70
13 71
14 60
14 68
14 82
14 86
14 95
15 27
15 57
15 99
16 30
16 41
16 51
16 88
16 96
17 42
17 67
17 82
17 86
17 96
18 29
18 35
18 55
18 72
18 77
18 94
18 98
19 25
19 38
19 66
19 82
19 89
19 95
20 52
20 62
20 81
21 69
21 92
21 94
21 98
22 38
22 46
22 66
22 97
23 39
23 40
23 44
23 76
23 84
24 52
24 53
24 62
24 65
24 77
24 91
25 32
25 38
25 43
25 82
26 31
26 50
26 68
26 89
26 95
27 57
27 84
27 99
28 37
28 67
28 74
28 93
29 35
29 62
29 64
29 77
29 79
29 91
30 37
30 49
30 51
30 63
31 50
31 68
32 42
32 43
32 82
32 90
33 56
33 83
33 99
34 38
34 45
34 53
34 59
34 61
35 36
35 48
35 50
35 58
35 64
35 98
36 48
36 50
36 58
36 89
37 44
37 63
37 74
37 93
38 43
38 45
38 66
39 44
39 67
39 76
39 93
40 44
40 54
40 63
41 51
41 60
41 88
42 67
42 80
42 82
42 90
43 45
43 75
43 85
43 90
44 63
44 93
45 61
45 85
46 58
46 97
47 52
47 65
47 75
47 85
48 50
49 51
49 60
49 63
49 64
50 64
50 68
50 89
51 60
52 62
52 65
52 81
53 59
53 61
53 65
53 72
54 63
54 64
54 70
55 59
55 69
55 72
55 94
56 62
56 79
56 81
56 99
57 76
57 84
58 97
58 98
59 69
59 72
59 92
60 64
60 68
60 86
60 88
61 65
61 85
62 79
62 81
62 91
63 64
64 68
64 73
64 79
64 87
65 85
66 89
67 76
67 80
67 93
69 92
69 94
71 73
71 83
72 77
73 87
75 80
75 85
76 80
76 84
77 91
78 83
78 87
79 87
81 99
82 86
82 95
83 99
86 88
86 96
88 96
89 95
92 97
92 98
94 98
97 98

================================================================================
РАСКРАСКА ПО ВЕРШИНАМ
================================================================================
0: 2 (ЗЕЛЁНЫЙ)
1: 0 (КРАСНЫЙ)
2: 0 (КРАСНЫЙ)
3: 0 (КРАСНЫЙ)
4: 3 (ЧЕТВЁРТЫЙ)
5: 0 (КРАСНЫЙ)
6: 1 (СИНИЙ)
7: 1 (СИНИЙ)
8: 3 (ЧЕТВЁРТЫЙ)
9: 3 (ЧЕТВЁРТЫЙ)
10: 1 (СИНИЙ)
11: 3 (ЧЕТВЁРТЫЙ)
12: 0 (КРАСНЫЙ)
13: 1 (СИНИЙ)
14: 3 (ЧЕТВЁРТЫЙ)
15: 1 (СИНИЙ)
16: 0 (КРАСНЫЙ)
17: 1 (СИНИЙ)
18: 0 (КРАСНЫЙ)
19: 3 (ЧЕТВЁРТЫЙ)
20: 0 (КРАСНЫЙ)
21: 1 (СИНИЙ)
22: 0 (КРАСНЫЙ)
23: 2 (ЗЕЛЁНЫЙ)
24: 0 (КРАСНЫЙ)
25: 0 (КРАСНЫЙ)
26: 3 (ЧЕТВЁРТЫЙ)
27: 0 (КРАСНЫЙ)
28: 1 (СИНИЙ)
29: 2 (ЗЕЛЁНЫЙ)
30: 1 (СИНИЙ)
31: 1 (СИНИЙ)
32: 1 (СИНИЙ)
33: 0 (КРАСНЫЙ)
34: 0 (КРАСНЫЙ)
35: 1 (СИНИЙ)
36: 2 (ЗЕЛЁНЫЙ)
37: 3 (ЧЕТВЁРТЫЙ)
38: 1 (СИНИЙ)
39: 3 (ЧЕТВЁРТЫЙ)
40: 3 (ЧЕТВЁРТЫЙ)
41: 2 (ЗЕЛЁНЫЙ)
42: 3 (ЧЕТВЁРТЫЙ)
43: 3 (ЧЕТВЁРТЫЙ)
44: 0 (КРАСНЫЙ)
45: 2 (ЗЕЛЁНЫЙ)
46: 2 (ЗЕЛЁНЫЙ)
47: 3 (ЧЕТВЁРТЫЙ)
48: 3 (ЧЕТВЁРТЫЙ)
49: 0 (КРАСНЫЙ)
50: 0 (КРАСНЫЙ)
51: 3 (ЧЕТВЁРТЫЙ)
52: 1 (СИНИЙ)
53: 3 (ЧЕТВЁРТЫЙ)
54: 1 (СИНИЙ)
55: 3 (ЧЕТВЁРТЫЙ)
56: 1 (СИНИЙ)
57: 2 (ЗЕЛЁНЫЙ)
58: 0 (КРАСНЫЙ)
59: 1 (СИНИЙ)
60: 1 (СИНИЙ)
61: 1 (СИНИЙ)
62: 3 (ЧЕТВЁРТЫЙ)
63: 2 (ЗЕЛЁНЫЙ)
64: 3 (ЧЕТВЁРТЫЙ)
65: 2 (ЗЕЛЁНЫЙ)
66: 2 (ЗЕЛЁНЫЙ)
67: 0 (КРАСНЫЙ)
68: 2 (ЗЕЛЁНЫЙ)
69: 0 (КРАСНЫЙ)
70: 3 (ЧЕТВЁРТЫЙ)
71: 3 (ЧЕТВЁРТЫЙ)
72: 2 (ЗЕЛЁНЫЙ)
73: 1 (СИНИЙ)
74: 0 (КРАСНЫЙ)
75: 1 (СИНИЙ)
76: 1 (СИНИЙ)
77: 3 (ЧЕТВЁРТЫЙ)
78: 1 (СИНИЙ)
79: 0 (КРАСНЫЙ)
80: 2 (ЗЕЛЁНЫЙ)
81: 2 (ЗЕЛЁНЫЙ)
82: 2 (ЗЕЛЁНЫЙ)
83: 2 (ЗЕЛЁНЫЙ)
84: 3 (ЧЕТВЁРТЫЙ)
85: 0 (КРАСНЫЙ)
86: 0 (КРАСНЫЙ)
87: 2 (ЗЕЛЁНЫЙ)
88: 3 (ЧЕТВЁРТЫЙ)
89: 1 (СИНИЙ)
90: 2 (ЗЕЛЁНЫЙ)
91: 1 (СИНИЙ)
92: 2 (ЗЕЛЁНЫЙ)
93: 2 (ЗЕЛЁНЫЙ)
94: 2 (ЗЕЛЁНЫЙ)
95: 0 (КРАСНЫЙ)
96: 2 (ЗЕЛЁНЫЙ)
97: 1 (СИНИЙ)
98: 3 (ЧЕТВЁРТЫЙ)
99: 3 (ЧЕТВЁРТЫЙ)

================================================================================
РЕЗУЛЬТАТ ПРОВЕРКИ
================================================================================
Всего рёбер: 294
Проверено рёбер: 294
Конфликты: НЕТ
OK: КОНФЛИКТОВ НЕТ! Раскраска корректна.
