Лог-файл раскраски графа
Граф: graph_100_074
Дата: 2026-09-21 10:29:50
Статус: УСПЕШНО
Время выполнения: 12.21 секунд
================================================================================

Загружен граф: 100 вершин, 294 рёбер
Имя графа: graph_100_074
Файл: graphs100\graph_100_074.json

================================================================================
ГРАФ
================================================================================
Всего вершин: 100
Всего рёбер: 294

Вершины:
0
1
2
3
4
5
6
7
8
9
10
11
12
13
14
15
16
17
18
19
20
21
22
23
24
25
26
27
28
29
30
31
32
33
34
35
36
37
38
39
40
41
42
43
44
45
46
47
48
49
50
51
52
53
54
55
56
57
58
59
60
61
62
63
64
65
66
67
68
69
70
71
72
73
74
75
76
77
78
79
80
81
82
83
84
85
86
87
88
89
90
91
92
93
94
95
96
97
98
99

Рёбра:
0 2
0 25
0 45
0 47
0 81
0 89
0 98
1 13
1 30
1 64
1 66
1 77
2 9
2 25
2 46
2 89
3 23
3 28
3 44
3 84
3 91
4 8
4 13
4 32
4 39
4 75
4 77
4 96
5 30
5 41
5 53
5 64
5 90
6 18
6 33
6 71
6 82
6 88
6 93
7 13
7 18
7 29
7 55
7 79
7 87
8 13
8 39
9 17
9 25
9 46
9 48
9 80
9 92
10 14
10 35
10 37
10 73
10 94
10 98
11 23
11 28
11 51
11 59
11 85
11 86
11 95
12 19
12 21
12 22
12 26
12 54
12 58
12 68
12 78
13 18
13 29
13 30
13 39
13 70
13 77
14 37
14 54
14 58
14 83
14 94
15 31
15 32
15 42
15 68
15 69
15 75
16 49
16 52
16 73
16 81
17 20
17 48
17 56
17 61
17 92
18 33
18 70
18 71
18 72
18 79
18 97
19 20
19 26
19 36
19 48
19 50
19 57
19 78
19 84
20 36
20 48
20 56
20 91
21 22
21 42
21 68
21 87
22 33
22 58
22 60
22 83
22 87
22 97
23 28
23 44
23 90
23 95
24 34
24 40
24 46
24 65
24 72
24 92
24 99
25 62
25 80
25 98
26 43
26 54
26 57
27 51
27 63
27 76
27 86
27 99
28 56
28 59
28 61
28 91
29 32
29 39
29 55
29 74
30 41
30 64
30 70
31 42
31 55
31 69
31 74
32 39
32 69
32 74
32 75
33 60
33 82
33 97
34 46
34 92
35 37
35 52
35 71
35 73
35 88
35 93
36 84
36 91
37 60
37 82
37 83
37 88
38 50
38 66
38 75
38 78
38 96
40 46
40 47
40 52
40 72
40 89
41 70
41 90
42 55
42 68
42 87
43 54
43 57
43 62
43 67
43 94
43 98
44 50
44 53
44 66
44 84
44 90
45 47
45 49
45 81
46 89
46 92
47 49
47 52
47 89
48 57
48 80
49 52
49 81
50 66
50 78
50 84
51 63
51 85
51 86
52 71
52 72
52 73
53 64
53 66
53 90
54 58
54 94
55 74
55 87
56 61
56 91
57 62
57 80
58 83
59 61
59 65
59 76
59 86
60 82
60 83
61 65
61 92
62 80
62 98
63 70
63 72
63 85
63 99
64 66
65 76
65 92
65 99
66 77
66 96
67 94
67 98
68 75
68 78
69 74
70 72
70 85
70 90
71 72
71 93
72 99
73 81
73 98
75 78
75 96
76 86
76 99
77 96
79 87
79 97
81 98
82 88
84 91
85 90
85 95
87 97
88 93
90 95
94 98

================================================================================
РАСКРАСКА ПО ВЕРШИНАМ
================================================================================
0: 0 (КРАСНЫЙ)
1: 3 (ЧЕТВЁРТЫЙ)
2: 1 (СИНИЙ)
3: 0 (КРАСНЫЙ)
4: 3 (ЧЕТВЁРТЫЙ)
5: 3 (ЧЕТВЁРТЫЙ)
6: 0 (КРАСНЫЙ)
7: 0 (КРАСНЫЙ)
8: 2 (ЗЕЛЁНЫЙ)
9: 0 (КРАСНЫЙ)
10: 3 (ЧЕТВЁРТЫЙ)
11: 0 (КРАСНЫЙ)
12: 0 (КРАСНЫЙ)
13: 1 (СИНИЙ)
14: 0 (КРАСНЫЙ)
15: 0 (КРАСНЫЙ)
16: 0 (КРАСНЫЙ)
17: 3 (ЧЕТВЁРТЫЙ)
18: 2 (ЗЕЛЁНЫЙ)
19: 3 (ЧЕТВЁРТЫЙ)
20: 2 (ЗЕЛЁНЫЙ)
21: 1 (СИНИЙ)
22: 2 (ЗЕЛЁНЫЙ)
23: 2 (ЗЕЛЁНЫЙ)
24: 2 (ЗЕЛЁНЫЙ)
25: 3 (ЧЕТВЁРТЫЙ)
26: 1 (СИНИЙ)
27: 0 (КРАСНЫЙ)
28: 1 (СИНИЙ)
29: 3 (ЧЕТВЁРТЫЙ)
30: 0 (КРАСНЫЙ)
31: 3 (ЧЕТВЁРТЫЙ)
32: 1 (СИНИЙ)
33: 3 (ЧЕТВЁРТЫЙ)
34: 0 (КРАСНЫЙ)
35: 0 (КРАСНЫЙ)
36: 0 (КРАСНЫЙ)
37: 2 (ЗЕЛЁНЫЙ)
38: 3 (ЧЕТВЁРТЫЙ)
39: 0 (КРАСНЫЙ)
40: 0 (КРАСНЫЙ)
41: 1 (СИНИЙ)
42: 2 (ЗЕЛЁНЫЙ)
43: 3 (ЧЕТВЁРТЫЙ)
44: 3 (ЧЕТВЁРТЫЙ)
45: 2 (ЗЕЛЁНЫЙ)
46: 3 (ЧЕТВЁРТЫЙ)
47: 3 (ЧЕТВЁРТЫЙ)
48: 1 (СИНИЙ)
49: 1 (СИНИЙ)
50: 2 (ЗЕЛЁНЫЙ)
51: 3 (ЧЕТВЁРТЫЙ)
52: 2 (ЗЕЛЁНЫЙ)
53: 1 (СИНИЙ)
54: 2 (ЗЕЛЁНЫЙ)
55: 1 (СИНИЙ)
56: 0 (КРАСНЫЙ)
57: 0 (КРАСНЫЙ)
58: 3 (ЧЕТВЁРТЫЙ)
59: 3 (ЧЕТВЁРТЫЙ)
60: 0 (КРАСНЫЙ)
61: 2 (ЗЕЛЁНЫЙ)
62: 1 (СИНИЙ)
63: 2 (ЗЕЛЁНЫЙ)
64: 2 (ЗЕЛЁНЫЙ)
65: 0 (КРАСНЫЙ)
66: 0 (КРАСНЫЙ)
67: 0 (КРАСНЫЙ)
68: 3 (ЧЕТВЁРТЫЙ)
69: 2 (ЗЕЛЁНЫЙ)
70: 3 (ЧЕТВЁРТЫЙ)
71: 3 (ЧЕТВЁРТЫЙ)
72: 1 (СИНИЙ)
73: 1 (СИНИЙ)
74: 0 (КРАСНЫЙ)
75: 2 (ЗЕЛЁНЫЙ)
76: 1 (СИНИЙ)
77: 2 (ЗЕЛЁНЫЙ)
78: 1 (СИНИЙ)
79: 1 (СИНИЙ)
80: 2 (ЗЕЛЁНЫЙ)
81: 3 (ЧЕТВЁРТЫЙ)
82: 1 (СИНИЙ)
83: 1 (СИНИЙ)
84: 1 (СИНИЙ)
85: 1 (СИНИЙ)
86: 2 (ЗЕЛЁНЫЙ)
87: 3 (ЧЕТВЁРТЫЙ)
88: 3 (ЧЕТВЁРТЫЙ)
89: 2 (ЗЕЛЁНЫЙ)
90: 0 (КРАСНЫЙ)
91: 3 (ЧЕТВЁРТЫЙ)
92: 1 (СИНИЙ)
93: 1 (СИНИЙ)
94: 1 (СИНИЙ)
95: 3 (ЧЕТВЁРТЫЙ)
96: 1 (СИНИЙ)
97: 0 (КРАСНЫЙ)
98: 2 (ЗЕЛЁНЫЙ)
99: 3 (ЧЕТВЁРТЫЙ)

================================================================================
РЕЗУЛЬТАТ ПРОВЕРКИ
================================================================================
Всего рёбер: 294
Проверено рёбер: 294
Конфликты: НЕТ
OK: КОНФЛИКТОВ НЕТ! Раскраска корректна.
