Лог-файл раскраски графа
Граф: graph_100_084
Дата: 2026-09-21 10:32:26
Статус: УСПЕШНО
Время выполнения: 11.63 секунд
================================================================================

Загружен граф: 100 вершин, 294 рёбер
Имя графа: graph_100_084
Файл: graphs100\graph_100_084.json

================================================================================
ГРАФ
================================================================================
Всего вершин: 100
Всего рёбер: 294

Вершины:
0
1
2
3
4
5
6
7
8
9
10
11
12
13
14
15
16
17
18
19
20
21
22
23
24
25
26
27
28
29
30
31
32
33
34
35
36
37
38
39
40
41
42
43
44
45
46
47
48
49
50
51
52
53
54
55
56
57
58
59
60
61
62
63
64
65
66
67
68
69
70
71
72
73
74
75
76
77
78
79
80
81
82
83
84
85
86
87
88
89
90
91
92
93
94
95
96
97
98
99

Рёбра:
0 3
0 35
0 71
0 87
1 12
1 17
1 20
1 56
1 57
1 93
2 9
2 14
2 21
2 67
2 72
2 84
3 16
3 23
3 35
3 64
3 69
3 71
3 88
4 22
4 32
4 54
4 77
4 89
4 90
5 37
5 38
5 61
5 63
5 66
5 80
5 82
6 21
6 28
6 50
6 76
7 30
7 44
7 47
7 68
7 95
7 96
8 30
8 34
8 43
8 52
8 55
8 78
9 14
9 51
9 84
10 13
10 15
10 22
10 58
10 65
10 89
11 17
11 33
11 34
11 39
11 59
12 17
12 31
12 48
12 53
12 57
12 92
13 15
13 50
13 65
13 74
14 51
14 67
15 26
15 40
15 62
15 74
15 89
15 94
16 42
16 49
16 71
16 80
16 82
16 88
17 20
17 33
17 39
17 92
17 97
18 38
18 45
18 75
18 82
19 32
19 42
19 49
19 64
19 88
19 90
20 25
20 45
20 93
20 97
21 28
21 43
21 72
21 76
21 78
21 84
22 54
22 58
22 89
23 35
23 69
23 99
24 26
24 60
24 83
24 94
25 29
25 45
25 70
25 75
25 97
26 62
26 83
26 86
26 94
27 48
27 57
27 68
27 79
27 85
27 86
28 50
28 51
28 65
28 67
28 72
29 33
29 70
29 97
30 43
30 44
30 52
30 96
31 48
31 53
31 59
31 98
32 40
32 49
32 89
32 90
33 34
33 35
33 70
33 97
34 35
34 52
34 55
34 59
34 78
34 84
34 99
35 70
35 87
35 99
36 41
36 54
36 64
36 84
36 99
37 60
37 61
37 79
37 80
37 86
38 45
38 63
38 82
39 59
39 73
39 92
40 49
40 89
40 94
41 54
41 64
41 91
42 49
42 88
43 44
43 76
43 78
44 76
44 95
45 63
45 75
45 93
46 47
46 62
46 85
46 86
47 62
47 68
47 85
47 95
48 57
48 68
48 96
48 98
49 60
49 80
49 94
50 65
50 74
50 76
50 95
51 58
51 65
51 67
51 84
52 59
52 96
52 98
53 59
53 73
53 81
53 92
54 58
54 77
54 84
54 91
55 78
56 57
56 63
56 66
56 93
57 61
57 66
57 79
58 65
58 84
59 73
59 81
59 98
60 80
60 83
60 86
60 94
61 66
61 79
62 74
62 86
62 95
63 66
63 93
64 69
64 88
64 90
64 91
64 99
67 72
68 85
68 96
69 99
70 75
70 87
71 75
71 82
71 87
73 81
73 92
74 95
75 82
75 87
76 95
77 90
77 91
78 84
79 86
80 82
83 86
84 99
85 86
90 91
96 98

================================================================================
РАСКРАСКА ПО ВЕРШИНАМ
================================================================================
0: 0 (КРАСНЫЙ)
1: 3 (ЧЕТВЁРТЫЙ)
2: 0 (КРАСНЫЙ)
3: 3 (ЧЕТВЁРТЫЙ)
4: 2 (ЗЕЛЁНЫЙ)
5: 0 (КРАСНЫЙ)
6: 1 (СИНИЙ)
7: 0 (КРАСНЫЙ)
8: 2 (ЗЕЛЁНЫЙ)
9: 1 (СИНИЙ)
10: 2 (ЗЕЛЁНЫЙ)
11: 0 (КРАСНЫЙ)
12: 0 (КРАСНЫЙ)
13: 0 (КРАСНЫЙ)
14: 2 (ЗЕЛЁНЫЙ)
15: 3 (ЧЕТВЁРТЫЙ)
16: 0 (КРАСНЫЙ)
17: 1 (СИНИЙ)
18: 0 (КРАСНЫЙ)
19: 0 (КРАСНЫЙ)
20: 0 (КРАСНЫЙ)
21: 3 (ЧЕТВЁРТЫЙ)
22: 1 (СИНИЙ)
23: 0 (КРАСНЫЙ)
24: 3 (ЧЕТВЁРТЫЙ)
25: 3 (ЧЕТВЁРТЫЙ)
26: 2 (ЗЕЛЁНЫЙ)
27: 0 (КРАСНЫЙ)
28: 0 (КРАСНЫЙ)
29: 1 (СИНИЙ)
30: 3 (ЧЕТВЁРТЫЙ)
31: 1 (СИНИЙ)
32: 1 (СИНИЙ)
33: 3 (ЧЕТВЁРТЫЙ)
34: 1 (СИНИЙ)
35: 2 (ЗЕЛЁНЫЙ)
36: 0 (КРАСНЫЙ)
37: 1 (СИНИЙ)
38: 1 (СИНИЙ)
39: 2 (ЗЕЛЁНЫЙ)
40: 2 (ЗЕЛЁНЫЙ)
41: 2 (ЗЕЛЁНЫЙ)
42: 1 (СИНИЙ)
43: 1 (СИНИЙ)
44: 2 (ЗЕЛЁНЫЙ)
45: 2 (ЗЕЛЁНЫЙ)
46: 2 (ЗЕЛЁНЫЙ)
47: 3 (ЧЕТВЁРТЫЙ)
48: 3 (ЧЕТВЁРТЫЙ)
49: 3 (ЧЕТВЁРТЫЙ)
50: 3 (ЧЕТВЁРТЫЙ)
51: 3 (ЧЕТВЁРТЫЙ)
52: 0 (КРАСНЫЙ)
53: 2 (ЗЕЛЁНЫЙ)
54: 3 (ЧЕТВЁРТЫЙ)
55: 3 (ЧЕТВЁРТЫЙ)
56: 0 (КРАСНЫЙ)
57: 1 (СИНИЙ)
58: 0 (КРАСНЫЙ)
59: 3 (ЧЕТВЁРТЫЙ)
60: 0 (КРАСНЫЙ)
61: 3 (ЧЕТВЁРТЫЙ)
62: 0 (КРАСНЫЙ)
63: 3 (ЧЕТВЁРТЫЙ)
64: 1 (СИНИЙ)
65: 1 (СИНИЙ)
66: 2 (ЗЕЛЁНЫЙ)
67: 1 (СИНИЙ)
68: 2 (ЗЕЛЁНЫЙ)
69: 2 (ЗЕЛЁНЫЙ)
70: 0 (КРАСНЫЙ)
71: 2 (ЗЕЛЁНЫЙ)
72: 2 (ЗЕЛЁНЫЙ)
73: 0 (КРАСНЫЙ)
74: 2 (ЗЕЛЁНЫЙ)
75: 1 (СИНИЙ)
76: 0 (КРАСНЫЙ)
77: 1 (СИНИЙ)
78: 0 (КРАСНЫЙ)
79: 2 (ЗЕЛЁНЫЙ)
80: 2 (ЗЕЛЁНЫЙ)
81: 1 (СИНИЙ)
82: 3 (ЧЕТВЁРТЫЙ)
83: 1 (СИНИЙ)
84: 2 (ЗЕЛЁНЫЙ)
85: 1 (СИНИЙ)
86: 3 (ЧЕТВЁРТЫЙ)
87: 3 (ЧЕТВЁРТЫЙ)
88: 2 (ЗЕЛЁНЫЙ)
89: 0 (КРАСНЫЙ)
90: 3 (ЧЕТВЁРТЫЙ)
91: 0 (КРАСНЫЙ)
92: 3 (ЧЕТВЁРТЫЙ)
93: 1 (СИНИЙ)
94: 1 (СИНИЙ)
95: 1 (СИНИЙ)
96: 1 (СИНИЙ)
97: 2 (ЗЕЛЁНЫЙ)
98: 2 (ЗЕЛЁНЫЙ)
99: 3 (ЧЕТВЁРТЫЙ)

================================================================================
РЕЗУЛЬТАТ ПРОВЕРКИ
================================================================================
Всего рёбер: 294
Проверено рёбер: 294
Конфликты: НЕТ
OK: КОНФЛИКТОВ НЕТ! Раскраска корректна.
