Лог-файл раскраски графа
Граф: graph_100_090
Дата: 2026-09-21 10:37:51
Статус: УСПЕШНО
Время выполнения: 49.16 секунд
================================================================================

Загружен граф: 100 вершин, 294 рёбер
Имя графа: graph_100_090
Файл: graphs100\graph_100_090.json

================================================================================
ГРАФ
================================================================================
Всего вершин: 100
Всего рёбер: 294

Вершины:
0
1
2
3
4
5
6
7
8
9
10
11
12
13
14
15
16
17
18
19
20
21
22
23
24
25
26
27
28
29
30
31
32
33
34
35
36
37
38
39
40
41
42
43
44
45
46
47
48
49
50
51
52
53
54
55
56
57
58
59
60
61
62
63
64
65
66
67
68
69
70
71
72
73
74
75
76
77
78
79
80
81
82
83
84
85
86
87
88
89
90
91
92
93
94
95
96
97
98
99

Рёбра:
0 39
0 65
0 78
0 98
1 14
1 26
1 28
1 41
2 39
2 65
2 68
2 75
2 79
3 4
3 25
3 62
3 74
3 77
4 7
4 69
4 74
4 77
5 15
5 16
5 25
5 53
5 60
5 76
5 89
6 52
6 56
6 64
6 73
6 75
6 90
7 19
7 40
7 43
7 44
7 57
7 69
7 77
8 17
8 42
8 50
8 61
8 80
8 85
9 16
9 63
9 89
9 91
9 99
10 21
10 35
10 37
10 67
10 95
11 38
11 44
11 46
11 55
11 86
11 94
11 97
12 31
12 32
12 58
12 81
12 87
13 18
13 27
13 28
13 33
13 41
14 26
14 41
14 42
14 50
14 58
14 81
14 84
14 88
14 98
14 99
15 24
15 60
15 89
15 96
16 53
16 63
16 89
17 23
17 42
17 61
17 72
17 92
18 27
18 41
18 49
18 54
19 52
19 57
19 68
19 77
20 24
20 80
20 85
20 99
21 35
21 60
21 76
21 95
21 96
22 23
22 66
22 83
22 93
23 51
23 61
23 66
23 71
23 83
23 92
23 95
24 80
24 89
24 96
24 99
25 53
25 62
25 76
25 77
26 28
26 91
26 99
27 33
27 54
27 62
27 63
28 33
28 41
28 91
29 34
29 36
29 43
29 79
29 82
29 88
30 46
30 48
30 84
30 86
30 97
31 32
31 37
31 51
31 58
31 59
31 70
32 45
32 51
32 87
32 93
33 63
33 91
34 36
34 38
34 40
34 43
35 37
35 52
35 70
35 76
35 90
36 38
36 88
36 94
37 51
37 67
37 70
37 71
38 40
38 44
38 94
39 65
39 78
39 79
39 82
40 43
40 44
41 49
41 84
42 45
42 50
42 72
42 81
43 57
43 68
43 79
44 55
44 69
45 72
45 81
45 83
45 87
45 92
45 93
46 47
46 55
46 84
46 86
47 49
47 54
47 55
47 62
47 74
47 84
48 84
48 88
48 97
49 54
49 84
50 85
50 99
51 66
51 71
51 93
52 64
52 68
52 76
52 77
52 90
53 62
53 63
54 62
55 69
55 74
56 58
56 59
56 73
56 90
57 68
58 59
58 73
58 81
58 98
59 70
59 90
60 76
60 96
61 80
61 95
61 96
62 63
62 74
63 91
64 68
64 75
65 73
65 75
65 98
66 93
67 71
67 95
68 75
68 79
69 74
70 90
71 95
72 92
73 75
73 98
76 77
78 82
78 98
79 82
80 85
80 96
81 87
82 88
82 98
83 92
83 93
84 88
85 99
86 97
88 94
88 97
88 98
89 99
91 99
94 97
95 96

================================================================================
РАСКРАСКА ПО ВЕРШИНАМ
================================================================================
0: 1 (СИНИЙ)
1: 0 (КРАСНЫЙ)
2: 1 (СИНИЙ)
3: 0 (КРАСНЫЙ)
4: 3 (ЧЕТВЁРТЫЙ)
5: 0 (КРАСНЫЙ)
6: 0 (КРАСНЫЙ)
7: 0 (КРАСНЫЙ)
8: 0 (КРАСНЫЙ)
9: 2 (ЗЕЛЁНЫЙ)
10: 1 (СИНИЙ)
11: 0 (КРАСНЫЙ)
12: 1 (СИНИЙ)
13: 0 (КРАСНЫЙ)
14: 1 (СИНИЙ)
15: 3 (ЧЕТВЁРТЫЙ)
16: 3 (ЧЕТВЁРТЫЙ)
17: 2 (ЗЕЛЁНЫЙ)
18: 3 (ЧЕТВЁРТЫЙ)
19: 3 (ЧЕТВЁРТЫЙ)
20: 2 (ЗЕЛЁНЫЙ)
21: 0 (КРАСНЫЙ)
22: 3 (ЧЕТВЁРТЫЙ)
23: 0 (КРАСНЫЙ)
24: 0 (КРАСНЫЙ)
25: 1 (СИНИЙ)
26: 2 (ЗЕЛЁНЫЙ)
27: 1 (СИНИЙ)
28: 3 (ЧЕТВЁРТЫЙ)
29: 1 (СИНИЙ)
30: 0 (КРАСНЫЙ)
31: 2 (ЗЕЛЁНЫЙ)
32: 3 (ЧЕТВЁРТЫЙ)
33: 2 (ЗЕЛЁНЫЙ)
34: 2 (ЗЕЛЁНЫЙ)
35: 2 (ЗЕЛЁНЫЙ)
36: 0 (КРАСНЫЙ)
37: 3 (ЧЕТВЁРТЫЙ)
38: 3 (ЧЕТВЁРТЫЙ)
39: 0 (КРАСНЫЙ)
40: 1 (СИНИЙ)
41: 2 (ЗЕЛЁНЫЙ)
42: 3 (ЧЕТВЁРТЫЙ)
43: 3 (ЧЕТВЁРТЫЙ)
44: 2 (ЗЕЛЁНЫЙ)
45: 1 (СИНИЙ)
46: 1 (СИНИЙ)
47: 0 (КРАСНЫЙ)
48: 1 (СИНИЙ)
49: 1 (СИНИЙ)
50: 2 (ЗЕЛЁНЫЙ)
51: 1 (СИНИЙ)
52: 1 (СИНИЙ)
53: 2 (ЗЕЛЁНЫЙ)
54: 2 (ЗЕЛЁНЫЙ)
55: 3 (ЧЕТВЁРТЫЙ)
56: 2 (ЗЕЛЁНЫЙ)
57: 1 (СИНИЙ)
58: 3 (ЧЕТВЁРТЫЙ)
59: 0 (КРАСНЫЙ)
60: 1 (СИНИЙ)
61: 1 (СИНИЙ)
62: 3 (ЧЕТВЁРТЫЙ)
63: 0 (КРАСНЫЙ)
64: 3 (ЧЕТВЁРТЫЙ)
65: 3 (ЧЕТВЁРТЫЙ)
66: 2 (ЗЕЛЁНЫЙ)
67: 0 (КРАСНЫЙ)
68: 0 (КРАСНЫЙ)
69: 1 (СИНИЙ)
70: 1 (СИНИЙ)
71: 2 (ЗЕЛЁНЫЙ)
72: 0 (КРАСНЫЙ)
73: 1 (СИНИЙ)
74: 2 (ЗЕЛЁНЫЙ)
75: 2 (ЗЕЛЁНЫЙ)
76: 3 (ЧЕТВЁРТЫЙ)
77: 2 (ЗЕЛЁНЫЙ)
78: 2 (ЗЕЛЁНЫЙ)
79: 2 (ЗЕЛЁНЫЙ)
80: 3 (ЧЕТВЁРТЫЙ)
81: 0 (КРАСНЫЙ)
82: 3 (ЧЕТВЁРТЫЙ)
83: 2 (ЗЕЛЁНЫЙ)
84: 3 (ЧЕТВЁРТЫЙ)
85: 1 (СИНИЙ)
86: 2 (ЗЕЛЁНЫЙ)
87: 2 (ЗЕЛЁНЫЙ)
88: 2 (ЗЕЛЁНЫЙ)
89: 1 (СИНИЙ)
90: 3 (ЧЕТВЁРТЫЙ)
91: 1 (СИНИЙ)
92: 3 (ЧЕТВЁРТЫЙ)
93: 0 (КРАСНЫЙ)
94: 1 (СИНИЙ)
95: 3 (ЧЕТВЁРТЫЙ)
96: 2 (ЗЕЛЁНЫЙ)
97: 3 (ЧЕТВЁРТЫЙ)
98: 0 (КРАСНЫЙ)
99: 3 (ЧЕТВЁРТЫЙ)

================================================================================
РЕЗУЛЬТАТ ПРОВЕРКИ
================================================================================
Всего рёбер: 294
Проверено рёбер: 294
Конфликты: НЕТ
OK: КОНФЛИКТОВ НЕТ! Раскраска корректна.
