Лог-файл раскраски графа
Граф: graph_100_016
Дата: 2026-09-21 10:09:31
Статус: УСПЕШНО
Время выполнения: 12.29 секунд
================================================================================

Загружен граф: 100 вершин, 294 рёбер
Имя графа: graph_100_016
Файл: graphs100\graph_100_016.json

================================================================================
ГРАФ
================================================================================
Всего вершин: 100
Всего рёбер: 294

Вершины:
0
1
2
3
4
5
6
7
8
9
10
11
12
13
14
15
16
17
18
19
20
21
22
23
24
25
26
27
28
29
30
31
32
33
34
35
36
37
38
39
40
41
42
43
44
45
46
47
48
49
50
51
52
53
54
55
56
57
58
59
60
61
62
63
64
65
66
67
68
69
70
71
72
73
74
75
76
77
78
79
80
81
82
83
84
85
86
87
88
89
90
91
92
93
94
95
96
97
98
99

Рёбра:
0 9
0 17
0 21
0 55
0 70
0 78
0 85
1 5
1 25
1 75
1 92
1 96
2 22
2 41
2 74
2 84
2 91
3 6
3 47
3 54
3 97
4 10
4 57
4 62
5 47
5 54
5 75
5 84
5 92
6 47
6 51
6 90
6 92
6 94
6 96
6 97
7 9
7 22
7 23
7 41
8 11
8 13
8 32
8 36
8 65
9 17
9 23
9 38
9 41
9 78
10 31
10 42
10 57
10 62
10 67
10 69
11 17
11 26
11 32
11 36
11 41
11 80
11 82
12 19
12 25
12 71
12 81
13 27
13 36
13 64
13 65
13 99
14 18
14 20
14 34
14 66
14 72
14 77
14 98
15 16
15 21
15 31
15 44
15 52
15 73
15 87
16 31
16 44
16 89
17 41
17 82
17 85
18 27
18 60
18 65
18 66
18 72
19 25
19 63
19 71
19 96
20 34
20 53
20 86
20 98
21 52
21 70
21 73
21 78
22 23
22 37
22 41
22 91
23 35
23 37
23 38
23 56
23 71
24 45
24 46
24 79
24 94
25 74
25 75
25 81
25 96
26 36
26 41
26 51
26 54
26 84
26 97
27 64
27 65
27 66
28 33
28 39
28 42
28 50
28 59
28 61
28 68
28 93
29 43
29 46
29 48
29 49
30 50
30 69
30 86
31 57
31 67
31 87
31 89
32 65
32 80
33 39
33 60
33 61
34 39
34 50
34 72
34 86
35 56
35 63
35 71
35 95
36 51
36 58
36 99
37 71
37 74
37 81
37 91
38 44
38 56
38 78
38 95
39 50
39 60
39 72
40 49
40 53
40 86
41 84
42 67
42 68
42 69
42 93
43 48
43 49
43 77
43 98
44 73
44 78
44 89
44 95
45 46
45 76
45 90
45 94
45 96
46 48
46 49
46 58
46 79
46 96
46 99
47 54
47 92
48 77
48 83
48 99
49 53
49 86
49 95
49 96
49 98
50 68
50 69
50 86
51 58
51 94
51 97
52 70
52 87
53 86
53 98
54 84
54 97
55 70
55 85
55 93
56 95
57 62
57 89
57 95
58 79
58 94
58 99
59 61
59 88
59 93
60 61
60 65
60 72
60 80
61 80
61 82
61 85
61 88
62 69
62 86
62 95
63 71
63 95
63 96
64 66
64 83
64 99
65 80
66 77
66 83
67 87
67 93
68 69
69 86
70 87
70 93
71 81
73 78
74 75
74 81
74 84
74 91
75 84
76 90
76 94
77 83
77 98
79 94
80 82
82 85
83 99
85 88
85 93
86 95
87 93
88 93
89 95
90 94
90 96
92 96
95 96

================================================================================
РАСКРАСКА ПО ВЕРШИНАМ
================================================================================
0: 3 (ЧЕТВЁРТЫЙ)
1: 0 (КРАСНЫЙ)
2: 0 (КРАСНЫЙ)
3: 3 (ЧЕТВЁРТЫЙ)
4: 3 (ЧЕТВЁРТЫЙ)
5: 1 (СИНИЙ)
6: 0 (КРАСНЫЙ)
7: 0 (КРАСНЫЙ)
8: 1 (СИНИЙ)
9: 1 (СИНИЙ)
10: 0 (КРАСНЫЙ)
11: 3 (ЧЕТВЁРТЫЙ)
12: 2 (ЗЕЛЁНЫЙ)
13: 0 (КРАСНЫЙ)
14: 1 (СИНИЙ)
15: 0 (КРАСНЫЙ)
16: 2 (ЗЕЛЁНЫЙ)
17: 0 (КРАСНЫЙ)
18: 0 (КРАСНЫЙ)
19: 0 (КРАСНЫЙ)
20: 3 (ЧЕТВЁРТЫЙ)
21: 1 (СИНИЙ)
22: 1 (СИНИЙ)
23: 3 (ЧЕТВЁРТЫЙ)
24: 0 (КРАСНЫЙ)
25: 3 (ЧЕТВЁРТЫЙ)
26: 1 (СИНИЙ)
27: 1 (СИНИЙ)
28: 0 (КРАСНЫЙ)
29: 0 (КРАСНЫЙ)
30: 0 (КРАСНЫЙ)
31: 3 (ЧЕТВЁРТЫЙ)
32: 0 (КРАСНЫЙ)
33: 2 (ЗЕЛЁНЫЙ)
34: 0 (КРАСНЫЙ)
35: 2 (ЗЕЛЁНЫЙ)
36: 2 (ЗЕЛЁНЫЙ)
37: 2 (ЗЕЛЁНЫЙ)
38: 2 (ЗЕЛЁНЫЙ)
39: 3 (ЧЕТВЁРТЫЙ)
40: 1 (СИНИЙ)
41: 2 (ЗЕЛЁНЫЙ)
42: 1 (СИНИЙ)
43: 1 (СИНИЙ)
44: 3 (ЧЕТВЁРТЫЙ)
45: 3 (ЧЕТВЁРТЫЙ)
46: 1 (СИНИЙ)
47: 2 (ЗЕЛЁНЫЙ)
48: 2 (ЗЕЛЁНЫЙ)
49: 3 (ЧЕТВЁРТЫЙ)
50: 1 (СИНИЙ)
51: 3 (ЧЕТВЁРТЫЙ)
52: 3 (ЧЕТВЁРТЫЙ)
53: 0 (КРАСНЫЙ)
54: 0 (КРАСНЫЙ)
55: 0 (КРАСНЫЙ)
56: 1 (СИНИЙ)
57: 2 (ЗЕЛЁНЫЙ)
58: 0 (КРАСНЫЙ)
59: 1 (СИНИЙ)
60: 1 (СИНИЙ)
61: 3 (ЧЕТВЁРТЫЙ)
62: 1 (СИНИЙ)
63: 3 (ЧЕТВЁРТЫЙ)
64: 2 (ЗЕЛЁНЫЙ)
65: 3 (ЧЕТВЁРТЫЙ)
66: 3 (ЧЕТВЁРТЫЙ)
67: 2 (ЗЕЛЁНЫЙ)
68: 2 (ЗЕЛЁНЫЙ)
69: 3 (ЧЕТВЁРТЫЙ)
70: 2 (ЗЕЛЁНЫЙ)
71: 1 (СИНИЙ)
72: 2 (ЗЕЛЁНЫЙ)
73: 2 (ЗЕЛЁНЫЙ)
74: 1 (СИНИЙ)
75: 2 (ЗЕЛЁНЫЙ)
76: 0 (КРАСНЫЙ)
77: 0 (КРАСНЫЙ)
78: 0 (КРАСНЫЙ)
79: 3 (ЧЕТВЁРТЫЙ)
80: 2 (ЗЕЛЁНЫЙ)
81: 0 (КРАСНЫЙ)
82: 1 (СИНИЙ)
83: 1 (СИНИЙ)
84: 3 (ЧЕТВЁРТЫЙ)
85: 2 (ЗЕЛЁНЫЙ)
86: 2 (ЗЕЛЁНЫЙ)
87: 1 (СИНИЙ)
88: 0 (КРАСНЫЙ)
89: 1 (СИНИЙ)
90: 1 (СИНИЙ)
91: 3 (ЧЕТВЁРТЫЙ)
92: 3 (ЧЕТВЁРТЫЙ)
93: 3 (ЧЕТВЁРТЫЙ)
94: 2 (ЗЕЛЁНЫЙ)
95: 0 (КРАСНЫЙ)
96: 2 (ЗЕЛЁНЫЙ)
97: 2 (ЗЕЛЁНЫЙ)
98: 2 (ЗЕЛЁНЫЙ)
99: 3 (ЧЕТВЁРТЫЙ)

================================================================================
РЕЗУЛЬТАТ ПРОВЕРКИ
================================================================================
Всего рёбер: 294
Проверено рёбер: 294
Конфликты: НЕТ
OK: КОНФЛИКТОВ НЕТ! Раскраска корректна.
