Лог-файл раскраски графа
Граф: graph_100_007
Дата: 2026-09-21 10:04:48
Статус: УСПЕШНО
Время выполнения: 139.42 секунд
================================================================================

Загружен граф: 100 вершин, 294 рёбер
Имя графа: graph_100_007
Файл: graphs100\graph_100_007.json

================================================================================
ГРАФ
================================================================================
Всего вершин: 100
Всего рёбер: 294

Вершины:
0
1
2
3
4
5
6
7
8
9
10
11
12
13
14
15
16
17
18
19
20
21
22
23
24
25
26
27
28
29
30
31
32
33
34
35
36
37
38
39
40
41
42
43
44
45
46
47
48
49
50
51
52
53
54
55
56
57
58
59
60
61
62
63
64
65
66
67
68
69
70
71
72
73
74
75
76
77
78
79
80
81
82
83
84
85
86
87
88
89
90
91
92
93
94
95
96
97
98
99

Рёбра:
0 28
0 46
0 61
0 65
0 80
1 17
1 22
1 24
1 41
1 60
1 67
2 30
2 33
2 34
2 42
2 44
2 64
2 79
2 81
2 98
3 27
3 55
3 59
3 70
3 87
3 93
4 11
4 15
4 47
4 96
4 97
5 48
5 52
5 53
5 69
5 82
6 27
6 55
6 85
6 93
7 10
7 17
7 23
7 46
7 61
7 65
8 15
8 40
8 92
8 96
9 12
9 27
9 62
9 79
9 86
10 23
10 33
10 45
10 46
10 57
10 78
10 82
10 83
11 15
11 60
11 89
11 97
12 35
12 62
12 66
12 68
12 79
12 86
13 22
13 29
13 43
13 52
13 63
14 21
14 26
14 37
14 76
14 90
15 40
15 89
15 96
16 25
16 36
16 56
16 67
16 88
16 97
17 23
17 24
17 41
17 61
18 21
18 32
18 51
18 66
18 68
18 76
18 91
18 98
19 21
19 32
19 70
19 90
20 25
20 39
20 88
20 90
20 93
21 32
21 76
21 90
22 29
22 41
22 43
22 56
22 67
23 41
23 43
23 63
23 78
24 28
24 49
24 60
24 61
25 26
25 56
25 88
25 90
26 37
26 56
26 90
26 99
27 46
27 55
27 62
27 72
27 74
27 79
27 84
27 85
27 87
28 49
28 61
28 75
28 80
29 52
29 56
30 33
30 44
30 94
31 50
31 58
31 71
31 73
31 77
32 59
32 70
32 91
33 46
33 57
33 79
33 94
34 42
34 51
34 81
34 98
35 62
35 68
35 72
35 91
36 47
36 88
36 96
36 97
37 42
37 51
37 76
37 99
38 40
38 77
38 92
38 95
39 58
39 85
39 88
39 92
39 93
39 96
40 54
40 75
40 89
40 92
40 95
41 43
42 44
42 48
42 51
42 99
43 63
44 48
44 53
44 94
45 57
45 82
46 65
46 79
46 80
46 84
47 96
47 97
48 52
48 53
48 99
49 60
49 75
49 89
50 54
50 73
50 77
50 95
51 76
51 98
52 56
52 63
52 69
52 99
53 82
53 94
54 73
54 75
54 80
54 95
55 93
56 67
56 99
57 82
57 94
58 71
58 74
58 77
58 84
58 85
58 92
59 70
59 87
59 91
60 67
60 89
60 97
61 65
62 72
62 86
63 69
63 78
63 83
64 66
64 79
64 98
66 68
66 79
66 98
67 97
68 91
69 82
69 83
70 90
70 93
71 73
71 84
72 87
72 91
73 80
73 84
74 84
74 85
75 80
75 89
77 92
77 95
78 83
80 84
81 98
82 83
82 94
85 93
87 91
88 96
90 93
92 96

================================================================================
РАСКРАСКА ПО ВЕРШИНАМ
================================================================================
0: 1 (СИНИЙ)
1: 0 (КРАСНЫЙ)
2: 3 (ЧЕТВЁРТЫЙ)
3: 0 (КРАСНЫЙ)
4: 3 (ЧЕТВЁРТЫЙ)
5: 3 (ЧЕТВЁРТЫЙ)
6: 0 (КРАСНЫЙ)
7: 2 (ЗЕЛЁНЫЙ)
8: 2 (ЗЕЛЁНЫЙ)
9: 2 (ЗЕЛЁНЫЙ)
10: 3 (ЧЕТВЁРТЫЙ)
11: 0 (КРАСНЫЙ)
12: 0 (КРАСНЫЙ)
13: 1 (СИНИЙ)
14: 3 (ЧЕТВЁРТЫЙ)
15: 1 (СИНИЙ)
16: 0 (КРАСНЫЙ)
17: 3 (ЧЕТВЁРТЫЙ)
18: 0 (КРАСНЫЙ)
19: 0 (КРАСНЫЙ)
20: 0 (КРАСНЫЙ)
21: 2 (ЗЕЛЁНЫЙ)
22: 3 (ЧЕТВЁРТЫЙ)
23: 1 (СИНИЙ)
24: 2 (ЗЕЛЁНЫЙ)
25: 3 (ЧЕТВЁРТЫЙ)
26: 0 (КРАСНЫЙ)
27: 3 (ЧЕТВЁРТЫЙ)
28: 3 (ЧЕТВЁРТЫЙ)
29: 2 (ЗЕЛЁНЫЙ)
30: 0 (КРАСНЫЙ)
31: 1 (СИНИЙ)
32: 1 (СИНИЙ)
33: 2 (ЗЕЛЁНЫЙ)
34: 1 (СИНИЙ)
35: 2 (ЗЕЛЁНЫЙ)
36: 3 (ЧЕТВЁРТЫЙ)
37: 2 (ЗЕЛЁНЫЙ)
38: 0 (КРАСНЫЙ)
39: 3 (ЧЕТВЁРТЫЙ)
40: 3 (ЧЕТВЁРТЫЙ)
41: 2 (ЗЕЛЁНЫЙ)
42: 0 (КРАСНЫЙ)
43: 0 (КРАСНЫЙ)
44: 2 (ЗЕЛЁНЫЙ)
45: 1 (СИНИЙ)
46: 0 (КРАСНЫЙ)
47: 2 (ЗЕЛЁНЫЙ)
48: 1 (СИНИЙ)
49: 1 (СИНИЙ)
50: 0 (КРАСНЫЙ)
51: 3 (ЧЕТВЁРТЫЙ)
52: 0 (КРАСНЫЙ)
53: 0 (КРАСНЫЙ)
54: 1 (СИНИЙ)
55: 1 (СИНИЙ)
56: 1 (СИНИЙ)
57: 0 (КРАСНЫЙ)
58: 0 (КРАСНЫЙ)
59: 2 (ЗЕЛЁНЫЙ)
60: 3 (ЧЕТВЁРТЫЙ)
61: 0 (КРАСНЫЙ)
62: 1 (СИНИЙ)
63: 3 (ЧЕТВЁРТЫЙ)
64: 0 (КРАСНЫЙ)
65: 3 (ЧЕТВЁРТЫЙ)
66: 3 (ЧЕТВЁРТЫЙ)
67: 2 (ЗЕЛЁНЫЙ)
68: 1 (СИНИЙ)
69: 1 (СИНИЙ)
70: 3 (ЧЕТВЁРТЫЙ)
71: 2 (ЗЕЛЁНЫЙ)
72: 0 (КРАСНЫЙ)
73: 3 (ЧЕТВЁРТЫЙ)
74: 2 (ЗЕЛЁНЫЙ)
75: 0 (КРАСНЫЙ)
76: 1 (СИНИЙ)
77: 3 (ЧЕТВЁРТЫЙ)
78: 2 (ЗЕЛЁНЫЙ)
79: 1 (СИНИЙ)
80: 2 (ЗЕЛЁНЫЙ)
81: 0 (КРАСНЫЙ)
82: 2 (ЗЕЛЁНЫЙ)
83: 0 (КРАСНЫЙ)
84: 1 (СИНИЙ)
85: 1 (СИНИЙ)
86: 3 (ЧЕТВЁРТЫЙ)
87: 1 (СИНИЙ)
88: 1 (СИНИЙ)
89: 2 (ЗЕЛЁНЫЙ)
90: 1 (СИНИЙ)
91: 3 (ЧЕТВЁРТЫЙ)
92: 1 (СИНИЙ)
93: 2 (ЗЕЛЁНЫЙ)
94: 3 (ЧЕТВЁРТЫЙ)
95: 2 (ЗЕЛЁНЫЙ)
96: 0 (КРАСНЫЙ)
97: 1 (СИНИЙ)
98: 2 (ЗЕЛЁНЫЙ)
99: 3 (ЧЕТВЁРТЫЙ)

================================================================================
РЕЗУЛЬТАТ ПРОВЕРКИ
================================================================================
Всего рёбер: 294
Проверено рёбер: 294
Конфликты: НЕТ
OK: КОНФЛИКТОВ НЕТ! Раскраска корректна.
