Лог-файл раскраски графа
Граф: graph_100_000
Дата: 2026-09-21 10:01:20
Статус: УСПЕШНО
Время выполнения: 5.23 секунд
================================================================================

Загружен граф: 100 вершин, 294 рёбер
Имя графа: graph_100_000
Файл: graphs100\graph_100_000.json

================================================================================
ГРАФ
================================================================================
Всего вершин: 100
Всего рёбер: 294

Вершины:
0
1
2
3
4
5
6
7
8
9
10
11
12
13
14
15
16
17
18
19
20
21
22
23
24
25
26
27
28
29
30
31
32
33
34
35
36
37
38
39
40
41
42
43
44
45
46
47
48
49
50
51
52
53
54
55
56
57
58
59
60
61
62
63
64
65
66
67
68
69
70
71
72
73
74
75
76
77
78
79
80
81
82
83
84
85
86
87
88
89
90
91
92
93
94
95
96
97
98
99

Рёбра:
0 2
0 6
0 11
0 22
0 68
0 81
1 18
1 25
1 53
1 60
1 65
1 69
1 80
1 93
2 11
2 45
2 62
2 68
2 93
3 6
3 55
3 71
3 88
4 26
4 35
4 70
5 35
5 57
5 58
5 60
5 78
5 97
6 11
6 44
6 55
6 81
6 88
7 30
7 63
7 66
7 86
8 17
8 41
8 46
8 73
8 77
8 83
9 10
9 51
9 59
9 72
9 81
9 82
10 19
10 26
10 36
10 59
10 61
10 82
11 15
11 45
11 55
12 17
12 41
12 46
12 76
12 90
12 99
13 54
13 73
13 75
13 96
14 16
14 20
14 25
14 29
14 42
14 65
15 45
15 46
15 54
15 55
15 75
15 77
15 88
15 90
16 20
16 25
16 62
16 93
17 41
17 83
17 99
18 22
18 53
18 60
18 67
18 68
19 59
19 61
19 92
20 24
20 29
20 40
20 52
20 62
21 31
21 37
21 48
21 84
21 89
22 60
22 68
22 72
22 78
22 81
23 27
23 30
23 38
23 86
24 29
24 32
24 40
24 47
24 95
24 98
25 65
25 93
26 34
26 35
26 36
26 49
26 70
26 82
26 86
26 87
27 30
27 38
27 47
27 66
27 98
28 31
28 42
28 50
28 64
28 84
28 91
29 42
29 43
29 91
29 95
30 66
30 86
31 43
31 48
31 84
31 91
32 40
32 52
32 66
32 98
32 99
33 34
33 37
33 49
33 84
33 87
34 49
34 87
35 36
35 57
35 58
35 70
36 58
36 61
36 92
37 49
37 84
37 89
38 39
38 47
38 86
39 47
39 79
39 86
39 95
40 52
41 46
42 64
42 65
42 91
43 48
43 79
43 85
43 91
43 95
44 51
44 74
44 81
44 88
45 52
45 62
45 90
46 77
46 90
47 95
47 98
48 49
48 79
48 85
48 86
48 89
49 86
49 89
50 56
50 64
50 84
50 87
51 74
51 81
51 82
52 62
52 76
52 90
52 99
53 67
53 93
54 73
54 74
54 75
54 82
54 88
54 96
55 71
55 88
56 64
56 69
56 87
56 94
57 70
57 80
57 87
57 94
57 97
58 59
58 72
58 78
58 92
59 72
59 92
60 78
60 80
60 97
61 92
62 93
63 66
63 83
63 86
64 65
64 69
65 69
66 83
66 98
66 99
67 68
67 93
68 93
69 80
69 94
70 87
71 88
72 78
72 81
73 75
73 77
73 82
73 83
73 86
74 82
74 88
75 77
75 96
76 90
76 99
79 85
79 86
79 95
80 94
80 97
82 86
83 86
83 99
84 87
87 94

================================================================================
РАСКРАСКА ПО ВЕРШИНАМ
================================================================================
0: 1 (СИНИЙ)
1: 3 (ЧЕТВЁРТЫЙ)
2: 0 (КРАСНЫЙ)
3: 0 (КРАСНЫЙ)
4: 2 (ЗЕЛЁНЫЙ)
5: 0 (КРАСНЫЙ)
6: 2 (ЗЕЛЁНЫЙ)
7: 2 (ЗЕЛЁНЫЙ)
8: 3 (ЧЕТВЁРТЫЙ)
9: 1 (СИНИЙ)
10: 3 (ЧЕТВЁРТЫЙ)
11: 3 (ЧЕТВЁРТЫЙ)
12: 0 (КРАСНЫЙ)
13: 0 (КРАСНЫЙ)
14: 3 (ЧЕТВЁРТЫЙ)
15: 0 (КРАСНЫЙ)
16: 0 (КРАСНЫЙ)
17: 1 (СИНИЙ)
18: 1 (СИНИЙ)
19: 1 (СИНИЙ)
20: 1 (СИНИЙ)
21: 3 (ЧЕТВЁРТЫЙ)
22: 0 (КРАСНЫЙ)
23: 0 (КРАСНЫЙ)
24: 3 (ЧЕТВЁРТЫЙ)
25: 2 (ЗЕЛЁНЫЙ)
26: 1 (СИНИЙ)
27: 3 (ЧЕТВЁРТЫЙ)
28: 3 (ЧЕТВЁРТЫЙ)
29: 0 (КРАСНЫЙ)
30: 1 (СИНИЙ)
31: 1 (СИНИЙ)
32: 1 (СИНИЙ)
33: 1 (СИНИЙ)
34: 2 (ЗЕЛЁНЫЙ)
35: 3 (ЧЕТВЁРТЫЙ)
36: 0 (КРАСНЫЙ)
37: 2 (ЗЕЛЁНЫЙ)
38: 1 (СИНИЙ)
39: 2 (ЗЕЛЁНЫЙ)
40: 0 (КРАСНЫЙ)
41: 2 (ЗЕЛЁНЫЙ)
42: 1 (СИНИЙ)
43: 3 (ЧЕТВЁРТЫЙ)
44: 0 (КРАСНЫЙ)
45: 1 (СИНИЙ)
46: 1 (СИНИЙ)
47: 0 (КРАСНЫЙ)
48: 2 (ЗЕЛЁНЫЙ)
49: 0 (КРАСНЫЙ)
50: 1 (СИНИЙ)
51: 2 (ЗЕЛЁНЫЙ)
52: 2 (ЗЕЛЁНЫЙ)
53: 0 (КРАСНЫЙ)
54: 2 (ЗЕЛЁНЫЙ)
55: 1 (СИНИЙ)
56: 0 (КРАСНЫЙ)
57: 1 (СИНИЙ)
58: 1 (СИНИЙ)
59: 0 (КРАСНЫЙ)
60: 2 (ЗЕЛЁНЫЙ)
61: 2 (ЗЕЛЁНЫЙ)
62: 3 (ЧЕТВЁРТЫЙ)
63: 1 (СИНИЙ)
64: 2 (ЗЕЛЁНЫЙ)
65: 0 (КРАСНЫЙ)
66: 0 (КРАСНЫЙ)
67: 2 (ЗЕЛЁНЫЙ)
68: 3 (ЧЕТВЁРТЫЙ)
69: 1 (СИНИЙ)
70: 0 (КРАСНЫЙ)
71: 2 (ЗЕЛЁНЫЙ)
72: 2 (ЗЕЛЁНЫЙ)
73: 1 (СИНИЙ)
74: 1 (СИНИЙ)
75: 3 (ЧЕТВЁРТЫЙ)
76: 1 (СИНИЙ)
77: 2 (ЗЕЛЁНЫЙ)
78: 3 (ЧЕТВЁРТЫЙ)
79: 0 (КРАСНЫЙ)
80: 0 (КРАСНЫЙ)
81: 3 (ЧЕТВЁРТЫЙ)
82: 0 (КРАСНЫЙ)
83: 2 (ЗЕЛЁНЫЙ)
84: 0 (КРАСНЫЙ)
85: 1 (СИНИЙ)
86: 3 (ЧЕТВЁРТЫЙ)
87: 3 (ЧЕТВЁРТЫЙ)
88: 3 (ЧЕТВЁРТЫЙ)
89: 1 (СИНИЙ)
90: 3 (ЧЕТВЁРТЫЙ)
91: 2 (ЗЕЛЁНЫЙ)
92: 3 (ЧЕТВЁРТЫЙ)
93: 1 (СИНИЙ)
94: 2 (ЗЕЛЁНЫЙ)
95: 1 (СИНИЙ)
96: 1 (СИНИЙ)
97: 3 (ЧЕТВЁРТЫЙ)
98: 2 (ЗЕЛЁНЫЙ)
99: 3 (ЧЕТВЁРТЫЙ)

================================================================================
РЕЗУЛЬТАТ ПРОВЕРКИ
================================================================================
Всего рёбер: 294
Проверено рёбер: 294
Конфликты: НЕТ
OK: КОНФЛИКТОВ НЕТ! Раскраска корректна.
