Лог-файл раскраски графа
Граф: graph_100_022
Дата: 2026-09-21 10:11:12
Статус: УСПЕШНО
Время выполнения: 22.53 секунд
================================================================================

Загружен граф: 100 вершин, 294 рёбер
Имя графа: graph_100_022
Файл: graphs100\graph_100_022.json

================================================================================
ГРАФ
================================================================================
Всего вершин: 100
Всего рёбер: 294

Вершины:
0
1
2
3
4
5
6
7
8
9
10
11
12
13
14
15
16
17
18
19
20
21
22
23
24
25
26
27
28
29
30
31
32
33
34
35
36
37
38
39
40
41
42
43
44
45
46
47
48
49
50
51
52
53
54
55
56
57
58
59
60
61
62
63
64
65
66
67
68
69
70
71
72
73
74
75
76
77
78
79
80
81
82
83
84
85
86
87
88
89
90
91
92
93
94
95
96
97
98
99

Рёбра:
0 2
0 24
0 31
0 39
0 58
0 59
0 80
1 4
1 35
1 46
1 50
1 79
1 93
2 16
2 24
2 28
2 31
3 4
3 58
3 64
3 65
3 91
3 93
4 25
4 35
4 56
4 64
4 87
4 93
4 95
5 16
5 22
5 24
5 63
5 74
5 99
6 10
6 17
6 48
6 54
6 92
7 74
7 84
7 97
8 14
8 45
8 48
8 57
8 66
9 26
9 29
9 37
9 38
9 61
9 86
9 90
9 96
10 26
10 40
10 54
10 71
10 73
10 77
10 92
10 98
11 12
11 69
11 80
11 91
11 94
12 19
12 59
12 69
12 80
13 33
13 37
13 44
13 67
13 88
14 17
14 27
14 45
14 48
15 32
15 46
15 50
15 54
15 57
15 66
15 77
16 24
16 28
16 74
17 27
17 43
17 48
17 92
18 21
18 37
18 38
18 47
18 60
18 67
18 72
18 76
19 59
19 69
19 83
19 85
19 98
20 21
20 62
20 76
20 84
20 89
20 97
21 47
21 55
21 76
21 89
22 49
22 63
22 64
22 68
22 99
23 30
23 33
23 42
23 53
23 88
24 39
24 99
25 64
25 68
25 95
26 29
26 40
26 73
26 83
26 96
27 36
27 42
27 43
27 45
27 52
27 61
27 70
27 97
28 31
28 74
28 81
28 84
28 89
29 38
29 41
29 72
29 83
30 36
30 42
30 53
30 75
31 41
31 51
31 59
31 72
31 81
31 83
32 48
32 54
32 57
33 37
33 42
33 88
33 90
34 36
34 44
34 53
34 62
34 75
34 97
35 79
35 87
36 42
36 75
36 97
37 38
37 67
37 90
38 72
39 58
39 64
39 99
40 83
40 85
40 98
41 72
41 83
42 61
42 90
43 52
43 71
43 92
44 53
44 62
44 67
44 88
45 66
45 82
45 87
45 97
46 50
46 66
46 79
46 82
47 55
47 72
48 54
48 57
49 56
49 63
49 68
49 95
50 77
50 93
51 55
51 72
51 81
51 89
52 70
52 71
52 73
53 75
53 88
54 77
55 72
55 89
56 63
56 78
56 87
56 95
57 66
58 64
58 80
58 91
59 80
59 83
60 62
60 67
60 76
61 70
61 86
61 90
62 67
62 76
62 97
63 74
63 78
63 87
64 68
64 99
65 77
65 91
65 93
65 94
66 82
68 95
69 77
69 94
69 98
70 73
70 86
70 96
71 73
71 92
73 96
74 84
74 87
74 97
77 93
77 94
77 98
78 87
79 82
79 87
80 91
81 89
82 87
83 85
84 89
84 97
85 98
86 96
87 97
91 94

================================================================================
РАСКРАСКА ПО ВЕРШИНАМ
================================================================================
0: 3 (ЧЕТВЁРТЫЙ)
1: 0 (КРАСНЫЙ)
2: 2 (ЗЕЛЁНЫЙ)
3: 0 (КРАСНЫЙ)
4: 3 (ЧЕТВЁРТЫЙ)
5: 0 (КРАСНЫЙ)
6: 2 (ЗЕЛЁНЫЙ)
7: 1 (СИНИЙ)
8: 3 (ЧЕТВЁРТЫЙ)
9: 3 (ЧЕТВЁРТЫЙ)
10: 0 (КРАСНЫЙ)
11: 1 (СИНИЙ)
12: 3 (ЧЕТВЁРТЫЙ)
13: 0 (КРАСНЫЙ)
14: 1 (СИНИЙ)
15: 2 (ЗЕЛЁНЫЙ)
16: 3 (ЧЕТВЁРТЫЙ)
17: 3 (ЧЕТВЁРТЫЙ)
18: 0 (КРАСНЫЙ)
19: 2 (ЗЕЛЁНЫЙ)
20: 1 (СИНИЙ)
21: 2 (ЗЕЛЁНЫЙ)
22: 1 (СИНИЙ)
23: 0 (КРАСНЫЙ)
24: 1 (СИНИЙ)
25: 0 (КРАСНЫЙ)
26: 1 (СИНИЙ)
27: 0 (КРАСНЫЙ)
28: 1 (СИНИЙ)
29: 0 (КРАСНЫЙ)
30: 1 (СИНИЙ)
31: 0 (КРАСНЫЙ)
32: 3 (ЧЕТВЁРТЫЙ)
33: 2 (ЗЕЛЁНЫЙ)
34: 1 (СИНИЙ)
35: 1 (СИНИЙ)
36: 2 (ЗЕЛЁНЫЙ)
37: 1 (СИНИЙ)
38: 2 (ЗЕЛЁНЫЙ)
39: 0 (КРАСНЫЙ)
40: 2 (ЗЕЛЁНЫЙ)
41: 1 (СИНИЙ)
42: 3 (ЧЕТВЁРТЫЙ)
43: 2 (ЗЕЛЁНЫЙ)
44: 2 (ЗЕЛЁНЫЙ)
45: 2 (ЗЕЛЁНЫЙ)
46: 3 (ЧЕТВЁРТЫЙ)
47: 1 (СИНИЙ)
48: 0 (КРАСНЫЙ)
49: 0 (КРАСНЫЙ)
50: 1 (СИНИЙ)
51: 1 (СИНИЙ)
52: 1 (СИНИЙ)
53: 3 (ЧЕТВЁРТЫЙ)
54: 1 (СИНИЙ)
55: 0 (КРАСНЫЙ)
56: 1 (СИНИЙ)
57: 1 (СИНИЙ)
58: 1 (СИНИЙ)
59: 1 (СИНИЙ)
60: 1 (СИНИЙ)
61: 1 (СИНИЙ)
62: 0 (КРАСНЫЙ)
63: 3 (ЧЕТВЁРТЫЙ)
64: 2 (ЗЕЛЁНЫЙ)
65: 1 (СИНИЙ)
66: 0 (КРАСНЫЙ)
67: 3 (ЧЕТВЁРТЫЙ)
68: 3 (ЧЕТВЁРТЫЙ)
69: 0 (КРАСНЫЙ)
70: 3 (ЧЕТВЁРТЫЙ)
71: 3 (ЧЕТВЁРТЫЙ)
72: 3 (ЧЕТВЁРТЫЙ)
73: 2 (ЗЕЛЁНЫЙ)
74: 2 (ЗЕЛЁНЫЙ)
75: 0 (КРАСНЫЙ)
76: 3 (ЧЕТВЁРТЫЙ)
77: 3 (ЧЕТВЁРТЫЙ)
78: 2 (ЗЕЛЁНЫЙ)
79: 2 (ЗЕЛЁНЫЙ)
80: 0 (КРАСНЫЙ)
81: 2 (ЗЕЛЁНЫЙ)
82: 1 (СИНИЙ)
83: 3 (ЧЕТВЁРТЫЙ)
84: 0 (КРАСНЫЙ)
85: 0 (КРАСНЫЙ)
86: 2 (ЗЕЛЁНЫЙ)
87: 0 (КРАСНЫЙ)
88: 1 (СИНИЙ)
89: 3 (ЧЕТВЁРТЫЙ)
90: 0 (КРАСНЫЙ)
91: 3 (ЧЕТВЁРТЫЙ)
92: 1 (СИНИЙ)
93: 2 (ЗЕЛЁНЫЙ)
94: 2 (ЗЕЛЁНЫЙ)
95: 2 (ЗЕЛЁНЫЙ)
96: 0 (КРАСНЫЙ)
97: 3 (ЧЕТВЁРТЫЙ)
98: 1 (СИНИЙ)
99: 3 (ЧЕТВЁРТЫЙ)

================================================================================
РЕЗУЛЬТАТ ПРОВЕРКИ
================================================================================
Всего рёбер: 294
Проверено рёбер: 294
Конфликты: НЕТ
OK: КОНФЛИКТОВ НЕТ! Раскраска корректна.
