Лог-файл раскраски графа
Граф: graph_100_066
Дата: 2026-09-21 10:28:00
Статус: УСПЕШНО
Время выполнения: 42.58 секунд
================================================================================

Загружен граф: 100 вершин, 294 рёбер
Имя графа: graph_100_066
Файл: graphs100\graph_100_066.json

================================================================================
ГРАФ
================================================================================
Всего вершин: 100
Всего рёбер: 294

Вершины:
0
1
2
3
4
5
6
7
8
9
10
11
12
13
14
15
16
17
18
19
20
21
22
23
24
25
26
27
28
29
30
31
32
33
34
35
36
37
38
39
40
41
42
43
44
45
46
47
48
49
50
51
52
53
54
55
56
57
58
59
60
61
62
63
64
65
66
67
68
69
70
71
72
73
74
75
76
77
78
79
80
81
82
83
84
85
86
87
88
89
90
91
92
93
94
95
96
97
98
99

Рёбра:
0 2
0 13
0 23
0 42
0 52
0 85
1 8
1 33
1 40
1 48
1 64
1 89
2 12
2 19
2 20
2 42
2 52
2 62
3 9
3 36
3 43
3 47
3 61
3 74
3 88
3 94
4 8
4 33
4 34
4 49
4 53
4 63
4 96
4 99
5 11
5 15
5 25
5 27
6 10
6 69
6 85
7 31
7 56
7 65
7 70
7 81
7 95
8 33
8 48
8 49
8 82
8 91
9 37
9 49
9 61
9 74
9 82
10 18
10 50
10 54
10 69
10 85
10 86
10 87
10 90
11 25
11 27
11 73
11 93
12 20
12 42
12 66
12 72
12 77
13 14
13 23
13 85
13 90
14 85
14 90
15 25
15 27
15 39
15 50
16 20
16 32
16 50
16 64
16 77
16 92
17 22
17 24
17 30
17 35
17 76
17 79
18 19
18 69
18 87
18 97
19 52
19 62
19 69
19 97
19 99
20 57
20 62
20 64
20 77
21 45
21 54
21 78
21 79
21 80
22 76
22 78
22 79
22 80
23 42
23 66
23 90
24 35
24 79
24 83
25 50
25 70
25 71
25 79
25 93
26 31
26 37
26 38
26 48
26 65
26 71
26 82
26 91
27 39
27 44
27 73
28 30
28 41
28 46
28 51
28 63
28 75
28 88
29 30
29 54
29 59
29 75
29 86
30 35
30 46
30 54
30 55
30 75
30 76
31 37
31 56
31 65
31 74
31 81
32 39
32 50
32 64
33 57
33 64
33 96
34 51
34 60
34 63
34 67
34 99
35 55
35 83
36 43
36 47
36 68
37 74
37 82
38 48
38 71
38 89
38 98
39 44
39 50
39 64
40 44
40 64
40 73
40 89
41 43
41 46
41 68
41 88
42 66
43 68
43 88
44 64
44 73
45 78
45 80
46 55
46 68
47 68
47 74
47 84
48 89
48 91
49 53
49 61
49 82
49 94
50 54
50 79
50 90
50 92
51 59
51 63
51 67
51 75
52 69
52 85
53 63
53 88
53 94
54 76
54 79
54 80
54 86
55 68
55 83
56 58
56 74
56 95
57 62
57 64
57 96
58 74
58 84
58 95
59 67
59 75
59 86
59 87
59 97
60 67
60 97
60 99
61 94
62 96
62 99
63 88
65 70
65 71
65 81
66 72
66 90
66 92
67 97
68 83
68 84
69 85
70 71
70 79
70 83
70 84
70 95
71 93
71 98
72 77
72 92
73 89
73 93
73 98
74 84
76 80
77 92
78 79
78 80
79 83
82 91
83 84
84 95
85 90
86 87
87 97
88 94
89 98
90 92
93 98
96 99
97 99

================================================================================
РАСКРАСКА ПО ВЕРШИНАМ
================================================================================
0: 0 (КРАСНЫЙ)
1: 2 (ЗЕЛЁНЫЙ)
2: 3 (ЧЕТВЁРТЫЙ)
3: 0 (КРАСНЫЙ)
4: 0 (КРАСНЫЙ)
5: 0 (КРАСНЫЙ)
6: 2 (ЗЕЛЁНЫЙ)
7: 3 (ЧЕТВЁРТЫЙ)
8: 3 (ЧЕТВЁРТЫЙ)
9: 3 (ЧЕТВЁРТЫЙ)
10: 0 (КРАСНЫЙ)
11: 1 (СИНИЙ)
12: 1 (СИНИЙ)
13: 2 (ЗЕЛЁНЫЙ)
14: 0 (КРАСНЫЙ)
15: 1 (СИНИЙ)
16: 0 (КРАСНЫЙ)
17: 3 (ЧЕТВЁРТЫЙ)
18: 1 (СИНИЙ)
19: 0 (КРАСНЫЙ)
20: 2 (ЗЕЛЁНЫЙ)
21: 0 (КРАСНЫЙ)
22: 0 (КРАСНЫЙ)
23: 1 (СИНИЙ)
24: 0 (КРАСНЫЙ)
25: 3 (ЧЕТВЁРТЫЙ)
26: 3 (ЧЕТВЁРТЫЙ)
27: 3 (ЧЕТВЁРТЫЙ)
28: 0 (КРАСНЫЙ)
29: 0 (КРАСНЫЙ)
30: 1 (СИНИЙ)
31: 0 (КРАСНЫЙ)
32: 1 (СИНИЙ)
33: 1 (СИНИЙ)
34: 1 (СИНИЙ)
35: 2 (ЗЕЛЁНЫЙ)
36: 1 (СИНИЙ)
37: 1 (СИНИЙ)
38: 0 (КРАСНЫЙ)
39: 0 (КРАСНЫЙ)
40: 0 (КРАСНЫЙ)
41: 1 (СИНИЙ)
42: 2 (ЗЕЛЁНЫЙ)
43: 3 (ЧЕТВЁРТЫЙ)
44: 1 (СИНИЙ)
45: 2 (ЗЕЛЁНЫЙ)
46: 3 (ЧЕТВЁРТЫЙ)
47: 3 (ЧЕТВЁРТЫЙ)
48: 1 (СИНИЙ)
49: 2 (ЗЕЛЁНЫЙ)
50: 2 (ЗЕЛЁНЫЙ)
51: 2 (ЗЕЛЁНЫЙ)
52: 2 (ЗЕЛЁНЫЙ)
53: 1 (СИНИЙ)
54: 3 (ЧЕТВЁРТЫЙ)
55: 0 (КРАСНЫЙ)
56: 1 (СИНИЙ)
57: 0 (КРАСНЫЙ)
58: 3 (ЧЕТВЁРТЫЙ)
59: 1 (СИНИЙ)
60: 0 (КРАСНЫЙ)
61: 1 (СИНИЙ)
62: 1 (СИНИЙ)
63: 3 (ЧЕТВЁРТЫЙ)
64: 3 (ЧЕТВЁРТЫЙ)
65: 1 (СИНИЙ)
66: 0 (КРАСНЫЙ)
67: 3 (ЧЕТВЁРТЫЙ)
68: 2 (ЗЕЛЁНЫЙ)
69: 3 (ЧЕТВЁРТЫЙ)
70: 0 (КРАСНЫЙ)
71: 2 (ЗЕЛЁНЫЙ)
72: 2 (ЗЕЛЁНЫЙ)
73: 2 (ЗЕЛЁНЫЙ)
74: 2 (ЗЕЛЁНЫЙ)
75: 3 (ЧЕТВЁРТЫЙ)
76: 2 (ЗЕЛЁНЫЙ)
77: 3 (ЧЕТВЁРТЫЙ)
78: 3 (ЧЕТВЁРТЫЙ)
79: 1 (СИНИЙ)
80: 1 (СИНИЙ)
81: 2 (ЗЕЛЁНЫЙ)
82: 0 (КРАСНЫЙ)
83: 3 (ЧЕТВЁРТЫЙ)
84: 1 (СИНИЙ)
85: 1 (СИНИЙ)
86: 2 (ЗЕЛЁНЫЙ)
87: 3 (ЧЕТВЁРТЫЙ)
88: 2 (ЗЕЛЁНЫЙ)
89: 3 (ЧЕТВЁРТЫЙ)
90: 3 (ЧЕТВЁРТЫЙ)
91: 2 (ЗЕЛЁНЫЙ)
92: 1 (СИНИЙ)
93: 0 (КРАСНЫЙ)
94: 3 (ЧЕТВЁРТЫЙ)
95: 2 (ЗЕЛЁНЫЙ)
96: 2 (ЗЕЛЁНЫЙ)
97: 2 (ЗЕЛЁНЫЙ)
98: 1 (СИНИЙ)
99: 3 (ЧЕТВЁРТЫЙ)

================================================================================
РЕЗУЛЬТАТ ПРОВЕРКИ
================================================================================
Всего рёбер: 294
Проверено рёбер: 294
Конфликты: НЕТ
OK: КОНФЛИКТОВ НЕТ! Раскраска корректна.
