Лог-файл раскраски графа
Граф: graph_100_081
Дата: 2026-09-21 10:31:49
Статус: УСПЕШНО
Время выполнения: 42.88 секунд
================================================================================

Загружен граф: 100 вершин, 294 рёбер
Имя графа: graph_100_081
Файл: graphs100\graph_100_081.json

================================================================================
ГРАФ
================================================================================
Всего вершин: 100
Всего рёбер: 294

Вершины:
0
1
2
3
4
5
6
7
8
9
10
11
12
13
14
15
16
17
18
19
20
21
22
23
24
25
26
27
28
29
30
31
32
33
34
35
36
37
38
39
40
41
42
43
44
45
46
47
48
49
50
51
52
53
54
55
56
57
58
59
60
61
62
63
64
65
66
67
68
69
70
71
72
73
74
75
76
77
78
79
80
81
82
83
84
85
86
87
88
89
90
91
92
93
94
95
96
97
98
99

Рёбра:
0 15
0 18
0 34
0 53
0 73
0 79
0 89
1 13
1 28
1 54
1 74
1 99
2 36
2 58
2 60
2 64
2 66
2 98
3 7
3 8
3 20
3 62
3 63
3 73
3 91
4 19
4 29
4 42
4 69
4 76
5 20
5 53
5 73
5 78
5 80
6 10
6 26
6 31
6 47
6 50
6 57
6 65
6 75
6 99
7 17
7 20
7 84
7 91
8 49
8 55
8 63
8 70
8 83
8 91
9 35
9 51
9 84
9 96
9 97
10 14
10 37
10 50
10 75
11 12
11 24
11 35
11 92
11 96
12 24
12 90
12 96
13 74
13 86
13 93
13 99
14 37
14 54
14 74
14 75
15 22
15 34
15 89
15 94
16 30
16 44
16 46
16 59
17 69
17 81
17 84
17 91
17 97
18 34
18 43
18 62
18 73
19 29
19 39
19 69
19 81
19 82
20 73
20 80
20 84
21 43
21 55
21 62
21 63
22 33
22 68
22 89
22 94
23 25
23 31
23 36
23 58
23 60
24 74
24 77
24 85
24 90
24 92
25 31
25 36
25 37
25 50
26 47
26 48
26 93
26 99
27 32
27 44
27 55
27 83
28 54
28 75
28 99
29 32
29 42
29 56
29 82
29 83
29 85
29 95
30 32
30 44
30 59
30 64
31 50
31 57
31 58
31 67
32 44
32 64
32 83
32 85
33 61
33 67
33 68
33 89
34 43
34 94
35 48
35 51
35 92
35 96
36 37
36 60
36 64
37 50
37 64
37 74
38 52
38 57
38 72
38 78
38 79
39 81
39 82
39 87
39 91
39 95
40 42
40 56
40 76
40 85
40 88
41 71
41 77
41 86
42 56
42 76
43 45
43 55
43 62
43 94
44 46
44 55
45 46
45 55
45 59
45 94
46 55
46 59
47 48
47 52
47 65
48 51
48 52
48 71
48 92
48 93
49 70
49 83
49 87
51 52
51 80
51 84
52 57
52 65
52 78
52 80
53 72
53 73
53 78
53 79
54 74
54 75
55 63
55 83
56 85
57 65
57 67
57 79
58 60
58 66
58 67
59 64
59 94
61 66
61 67
61 68
61 98
62 63
62 73
64 68
64 74
64 85
64 94
64 98
66 67
66 98
67 79
67 89
68 94
68 98
69 76
69 81
69 97
70 87
70 91
71 77
71 86
71 92
71 93
72 78
72 79
74 77
74 85
74 86
75 99
76 88
76 96
76 97
77 86
77 92
78 80
79 89
80 84
81 91
82 95
83 87
83 95
84 97
85 88
85 90
86 93
87 91
87 95
88 90
88 96
90 96
93 99
96 97

================================================================================
РАСКРАСКА ПО ВЕРШИНАМ
================================================================================
0: 0 (КРАСНЫЙ)
1: 1 (СИНИЙ)
2: 0 (КРАСНЫЙ)
3: 3 (ЧЕТВЁРТЫЙ)
4: 1 (СИНИЙ)
5: 3 (ЧЕТВЁРТЫЙ)
6: 0 (КРАСНЫЙ)
7: 1 (СИНИЙ)
8: 0 (КРАСНЫЙ)
9: 0 (КРАСНЫЙ)
10: 3 (ЧЕТВЁРТЫЙ)
11: 0 (КРАСНЫЙ)
12: 1 (СИНИЙ)
13: 0 (КРАСНЫЙ)
14: 1 (СИНИЙ)
15: 3 (ЧЕТВЁРТЫЙ)
16: 3 (ЧЕТВЁРТЫЙ)
17: 0 (КРАСНЫЙ)
18: 3 (ЧЕТВЁРТЫЙ)
19: 0 (КРАСНЫЙ)
20: 0 (КРАСНЫЙ)
21: 1 (СИНИЙ)
22: 1 (СИНИЙ)
23: 0 (КРАСНЫЙ)
24: 3 (ЧЕТВЁРТЫЙ)
25: 2 (ЗЕЛЁНЫЙ)
26: 1 (СИНИЙ)
27: 0 (КРАСНЫЙ)
28: 0 (КРАСНЫЙ)
29: 3 (ЧЕТВЁРТЫЙ)
30: 0 (КРАСНЫЙ)
31: 3 (ЧЕТВЁРТЫЙ)
32: 1 (СИНИЙ)
33: 3 (ЧЕТВЁРТЫЙ)
34: 1 (СИНИЙ)
35: 1 (СИНИЙ)
36: 1 (СИНИЙ)
37: 0 (КРАСНЫЙ)
38: 1 (СИНИЙ)
39: 3 (ЧЕТВЁРТЫЙ)
40: 3 (ЧЕТВЁРТЫЙ)
41: 2 (ЗЕЛЁНЫЙ)
42: 2 (ЗЕЛЁНЫЙ)
43: 2 (ЗЕЛЁНЫЙ)
44: 2 (ЗЕЛЁНЫЙ)
45: 1 (СИНИЙ)
46: 0 (КРАСНЫЙ)
47: 2 (ЗЕЛЁНЫЙ)
48: 3 (ЧЕТВЁРТЫЙ)
49: 3 (ЧЕТВЁРТЫЙ)
50: 1 (СИНИЙ)
51: 2 (ЗЕЛЁНЫЙ)
52: 0 (КРАСНЫЙ)
53: 1 (СИНИЙ)
54: 3 (ЧЕТВЁРТЫЙ)
55: 3 (ЧЕТВЁРТЫЙ)
56: 1 (СИНИЙ)
57: 2 (ЗЕЛЁНЫЙ)
58: 2 (ЗЕЛЁНЫЙ)
59: 2 (ЗЕЛЁНЫЙ)
60: 3 (ЧЕТВЁРТЫЙ)
61: 0 (КРАСНЫЙ)
62: 0 (КРАСНЫЙ)
63: 2 (ЗЕЛЁНЫЙ)
64: 3 (ЧЕТВЁРТЫЙ)
65: 3 (ЧЕТВЁРТЫЙ)
66: 3 (ЧЕТВЁРТЫЙ)
67: 1 (СИНИЙ)
68: 2 (ЗЕЛЁНЫЙ)
69: 3 (ЧЕТВЁРТЫЙ)
70: 1 (СИНИЙ)
71: 0 (КРАСНЫЙ)
72: 0 (КРАСНЫЙ)
73: 2 (ЗЕЛЁНЫЙ)
74: 2 (ЗЕЛЁНЫЙ)
75: 2 (ЗЕЛЁНЫЙ)
76: 0 (КРАСНЫЙ)
77: 1 (СИНИЙ)
78: 2 (ЗЕЛЁНЫЙ)
79: 3 (ЧЕТВЁРТЫЙ)
80: 1 (СИНИЙ)
81: 1 (СИНИЙ)
82: 2 (ЗЕЛЁНЫЙ)
83: 2 (ЗЕЛЁНЫЙ)
84: 3 (ЧЕТВЁРТЫЙ)
85: 0 (КРАСНЫЙ)
86: 3 (ЧЕТВЁРТЫЙ)
87: 0 (КРАСНЫЙ)
88: 1 (СИНИЙ)
89: 2 (ЗЕЛЁНЫЙ)
90: 2 (ЗЕЛЁНЫЙ)
91: 2 (ЗЕЛЁНЫЙ)
92: 2 (ЗЕЛЁНЫЙ)
93: 2 (ЗЕЛЁНЫЙ)
94: 0 (КРАСНЫЙ)
95: 1 (СИНИЙ)
96: 3 (ЧЕТВЁРТЫЙ)
97: 1 (СИНИЙ)
98: 1 (СИНИЙ)
99: 3 (ЧЕТВЁРТЫЙ)

================================================================================
РЕЗУЛЬТАТ ПРОВЕРКИ
================================================================================
Всего рёбер: 294
Проверено рёбер: 294
Конфликты: НЕТ
OK: КОНФЛИКТОВ НЕТ! Раскраска корректна.
