Лог-файл раскраски графа
Граф: graph_100_091
Дата: 2026-09-21 10:38:16
Статус: УСПЕШНО
Время выполнения: 25.50 секунд
================================================================================

Загружен граф: 100 вершин, 294 рёбер
Имя графа: graph_100_091
Файл: graphs100\graph_100_091.json

================================================================================
ГРАФ
================================================================================
Всего вершин: 100
Всего рёбер: 294

Вершины:
0
1
2
3
4
5
6
7
8
9
10
11
12
13
14
15
16
17
18
19
20
21
22
23
24
25
26
27
28
29
30
31
32
33
34
35
36
37
38
39
40
41
42
43
44
45
46
47
48
49
50
51
52
53
54
55
56
57
58
59
60
61
62
63
64
65
66
67
68
69
70
71
72
73
74
75
76
77
78
79
80
81
82
83
84
85
86
87
88
89
90
91
92
93
94
95
96
97
98
99

Рёбра:
0 6
0 35
0 42
0 44
0 49
0 53
0 56
0 78
1 11
1 35
1 56
1 90
1 99
2 13
2 21
2 45
2 53
2 71
2 74
2 78
3 17
3 27
3 61
3 70
3 94
3 96
4 31
4 59
4 63
4 65
4 92
5 19
5 48
5 51
5 64
5 87
6 18
6 35
6 44
6 84
7 9
7 36
7 47
7 50
7 62
7 69
7 89
8 14
8 54
8 75
8 99
9 16
9 20
9 34
9 36
9 89
9 96
10 32
10 42
10 49
10 54
10 60
10 69
11 18
11 26
11 41
11 75
11 84
11 90
11 99
12 15
12 58
12 66
12 85
12 98
13 16
13 20
13 21
13 53
13 57
13 97
14 54
14 75
15 58
15 85
15 86
16 20
16 34
16 97
17 25
17 27
17 34
17 38
17 44
17 57
17 96
17 97
18 25
18 26
18 44
18 84
19 46
19 48
19 51
19 72
20 21
20 36
20 37
21 37
21 45
21 74
22 30
22 52
22 67
22 79
22 98
23 24
23 39
23 79
23 85
23 86
23 93
24 25
24 27
24 39
24 61
24 79
25 26
25 27
25 39
25 44
26 39
26 41
26 93
27 61
28 30
28 33
28 43
28 64
28 67
28 87
29 40
29 48
29 59
29 63
29 73
29 83
30 43
30 46
30 67
30 82
30 98
31 63
31 65
31 68
31 73
31 89
31 96
32 60
32 69
32 77
32 81
32 88
32 95
33 59
33 67
33 80
33 87
33 92
34 96
34 97
35 56
35 84
35 90
36 37
36 62
37 62
37 74
38 44
38 53
38 57
39 93
40 63
40 73
41 75
41 91
41 93
42 49
42 60
42 78
43 46
43 51
43 64
44 53
45 74
46 51
46 72
46 82
47 50
47 69
47 83
48 59
48 72
48 83
48 87
48 91
49 54
49 56
50 68
50 73
50 83
50 89
51 64
52 55
52 61
52 67
52 70
52 79
53 57
53 78
54 56
54 69
54 75
54 99
55 65
55 67
55 70
55 80
55 92
56 99
57 97
58 66
58 72
58 82
58 86
58 91
59 63
59 87
59 92
60 78
60 81
61 70
61 79
62 69
62 74
62 76
62 77
63 73
64 87
65 70
65 92
65 94
65 96
66 82
66 98
67 80
68 73
68 89
69 75
69 77
69 83
69 91
69 95
70 94
71 74
71 76
71 78
71 81
72 82
72 91
73 83
74 76
75 91
75 99
76 77
76 81
76 88
77 88
77 95
78 81
79 85
79 98
80 92
81 88
82 98
83 91
84 90
85 86
85 98
86 91
86 93
89 96
91 93
94 96

================================================================================
РАСКРАСКА ПО ВЕРШИНАМ
================================================================================
0: 3 (ЧЕТВЁРТЫЙ)
1: 0 (КРАСНЫЙ)
2: 2 (ЗЕЛЁНЫЙ)
3: 0 (КРАСНЫЙ)
4: 1 (СИНИЙ)
5: 0 (КРАСНЫЙ)
6: 0 (КРАСНЫЙ)
7: 1 (СИНИЙ)
8: 2 (ЗЕЛЁНЫЙ)
9: 3 (ЧЕТВЁРТЫЙ)
10: 1 (СИНИЙ)
11: 2 (ЗЕЛЁНЫЙ)
12: 3 (ЧЕТВЁРТЫЙ)
13: 3 (ЧЕТВЁРТЫЙ)
14: 3 (ЧЕТВЁРТЫЙ)
15: 0 (КРАСНЫЙ)
16: 0 (КРАСНЫЙ)
17: 3 (ЧЕТВЁРТЫЙ)
18: 3 (ЧЕТВЁРТЫЙ)
19: 3 (ЧЕТВЁРТЫЙ)
20: 1 (СИНИЙ)
21: 0 (КРАСНЫЙ)
22: 1 (СИНИЙ)
23: 2 (ЗЕЛЁНЫЙ)
24: 0 (КРАСНЫЙ)
25: 1 (СИНИЙ)
26: 0 (КРАСНЫЙ)
27: 2 (ЗЕЛЁНЫЙ)
28: 2 (ЗЕЛЁНЫЙ)
29: 3 (ЧЕТВЁРТЫЙ)
30: 0 (КРАСНЫЙ)
31: 3 (ЧЕТВЁРТЫЙ)
32: 0 (КРАСНЫЙ)
33: 1 (СИНИЙ)
34: 2 (ЗЕЛЁНЫЙ)
35: 2 (ЗЕЛЁНЫЙ)
36: 2 (ЗЕЛЁНЫЙ)
37: 3 (ЧЕТВЁРТЫЙ)
38: 1 (СИНИЙ)
39: 3 (ЧЕТВЁРТЫЙ)
40: 0 (КРАСНЫЙ)
41: 3 (ЧЕТВЁРТЫЙ)
42: 0 (КРАСНЫЙ)
43: 3 (ЧЕТВЁРТЫЙ)
44: 2 (ЗЕЛЁНЫЙ)
45: 3 (ЧЕТВЁРТЫЙ)
46: 1 (СИНИЙ)
47: 2 (ЗЕЛЁНЫЙ)
48: 1 (СИНИЙ)
49: 2 (ЗЕЛЁНЫЙ)
50: 3 (ЧЕТВЁРТЫЙ)
51: 2 (ЗЕЛЁНЫЙ)
52: 0 (КРАСНЫЙ)
53: 0 (КРАСНЫЙ)
54: 0 (КРАСНЫЙ)
55: 1 (СИНИЙ)
56: 1 (СИНИЙ)
57: 2 (ЗЕЛЁНЫЙ)
58: 1 (СИНИЙ)
59: 0 (КРАСНЫЙ)
60: 3 (ЧЕТВЁРТЫЙ)
61: 1 (СИНИЙ)
62: 0 (КРАСНЫЙ)
63: 2 (ЗЕЛЁНЫЙ)
64: 1 (СИНИЙ)
65: 0 (КРАСНЫЙ)
66: 0 (КРАСНЫЙ)
67: 3 (ЧЕТВЁРТЫЙ)
68: 0 (КРАСНЫЙ)
69: 3 (ЧЕТВЁРТЫЙ)
70: 3 (ЧЕТВЁРТЫЙ)
71: 0 (КРАСНЫЙ)
72: 0 (КРАСНЫЙ)
73: 1 (СИНИЙ)
74: 1 (СИНИЙ)
75: 1 (СИНИЙ)
76: 3 (ЧЕТВЁРТЫЙ)
77: 2 (ЗЕЛЁНЫЙ)
78: 1 (СИНИЙ)
79: 3 (ЧЕТВЁРТЫЙ)
80: 0 (КРАСНЫЙ)
81: 2 (ЗЕЛЁНЫЙ)
82: 3 (ЧЕТВЁРТЫЙ)
83: 0 (КРАСНЫЙ)
84: 1 (СИНИЙ)
85: 1 (СИНИЙ)
86: 3 (ЧЕТВЁРТЫЙ)
87: 3 (ЧЕТВЁРТЫЙ)
88: 1 (СИНИЙ)
89: 2 (ЗЕЛЁНЫЙ)
90: 3 (ЧЕТВЁРТЫЙ)
91: 2 (ЗЕЛЁНЫЙ)
92: 3 (ЧЕТВЁРТЫЙ)
93: 1 (СИНИЙ)
94: 2 (ЗЕЛЁНЫЙ)
95: 1 (СИНИЙ)
96: 1 (СИНИЙ)
97: 1 (СИНИЙ)
98: 2 (ЗЕЛЁНЫЙ)
99: 3 (ЧЕТВЁРТЫЙ)

================================================================================
РЕЗУЛЬТАТ ПРОВЕРКИ
================================================================================
Всего рёбер: 294
Проверено рёбер: 294
Конфликты: НЕТ
OK: КОНФЛИКТОВ НЕТ! Раскраска корректна.
