Лог-файл раскраски графа
Граф: graph_100_017
Дата: 2026-09-21 10:09:43
Статус: УСПЕШНО
Время выполнения: 11.59 секунд
================================================================================

Загружен граф: 100 вершин, 294 рёбер
Имя графа: graph_100_017
Файл: graphs100\graph_100_017.json

================================================================================
ГРАФ
================================================================================
Всего вершин: 100
Всего рёбер: 294

Вершины:
0
1
2
3
4
5
6
7
8
9
10
11
12
13
14
15
16
17
18
19
20
21
22
23
24
25
26
27
28
29
30
31
32
33
34
35
36
37
38
39
40
41
42
43
44
45
46
47
48
49
50
51
52
53
54
55
56
57
58
59
60
61
62
63
64
65
66
67
68
69
70
71
72
73
74
75
76
77
78
79
80
81
82
83
84
85
86
87
88
89
90
91
92
93
94
95
96
97
98
99

Рёбра:
0 10
0 26
0 88
0 90
1 13
1 31
1 85
1 91
2 3
2 38
2 50
2 64
2 66
2 95
2 98
3 61
3 64
3 68
3 76
3 98
4 7
4 29
4 53
4 62
4 69
4 75
4 86
5 23
5 32
5 57
5 99
6 24
6 34
6 46
6 48
6 73
6 80
6 83
7 29
7 37
7 62
8 45
8 68
8 76
8 81
9 12
9 14
9 17
9 58
9 72
9 77
9 93
10 36
10 70
10 88
10 90
11 19
11 36
11 51
11 56
11 78
11 81
12 17
12 47
12 71
12 72
12 85
13 31
13 75
13 91
14 39
14 50
14 52
14 58
14 89
14 93
15 28
15 36
15 56
15 62
15 63
15 82
15 97
16 17
16 43
16 84
16 92
17 43
17 47
17 58
17 84
18 20
18 41
18 43
18 58
18 89
19 51
19 54
19 78
19 87
20 25
20 41
20 89
21 38
21 48
21 83
21 95
21 99
22 33
22 49
22 61
22 66
22 73
22 76
22 98
23 25
23 32
23 57
23 65
23 89
24 30
24 34
24 49
24 73
25 32
25 41
25 89
25 92
26 35
26 42
26 72
26 77
26 86
26 88
26 90
27 42
27 45
27 55
27 64
27 68
27 77
27 93
28 44
28 59
28 62
28 82
29 37
29 53
29 70
30 34
30 44
30 49
30 51
30 79
31 75
31 85
31 94
32 91
32 92
32 99
33 48
33 66
33 73
34 44
34 80
35 40
35 71
35 72
35 86
35 94
36 56
36 63
36 70
36 81
36 90
36 96
37 62
37 70
37 74
37 96
38 48
38 66
38 95
39 50
39 52
39 95
39 99
40 75
40 86
40 94
41 43
41 92
42 55
42 60
42 77
42 90
43 58
43 92
44 54
44 59
44 62
44 79
44 80
44 87
44 99
45 55
45 60
45 68
45 81
46 80
46 83
46 99
47 84
47 85
47 91
47 92
48 66
48 73
48 83
49 51
49 73
49 76
50 64
50 93
50 95
51 76
51 79
51 81
51 87
52 65
52 89
52 99
53 69
53 70
53 88
54 59
54 78
54 87
55 60
56 78
56 97
57 65
57 99
58 89
59 67
59 78
59 82
59 97
60 81
60 90
61 76
61 98
62 63
62 74
62 75
62 91
62 99
63 74
63 96
64 68
64 93
65 89
65 99
66 98
67 82
67 97
68 76
69 86
69 88
70 88
70 96
71 72
71 85
71 94
72 77
74 96
75 86
75 91
75 94
76 81
77 93
78 97
79 87
80 99
81 90
82 97
83 99
84 92
85 91
85 94
86 88
91 92
91 99
95 99

================================================================================
РАСКРАСКА ПО ВЕРШИНАМ
================================================================================
0: 1 (СИНИЙ)
1: 1 (СИНИЙ)
2: 0 (КРАСНЫЙ)
3: 1 (СИНИЙ)
4: 0 (КРАСНЫЙ)
5: 0 (КРАСНЫЙ)
6: 3 (ЧЕТВЁРТЫЙ)
7: 2 (ЗЕЛЁНЫЙ)
8: 0 (КРАСНЫЙ)
9: 0 (КРАСНЫЙ)
10: 0 (КРАСНЫЙ)
11: 3 (ЧЕТВЁРТЫЙ)
12: 2 (ЗЕЛЁНЫЙ)
13: 2 (ЗЕЛЁНЫЙ)
14: 3 (ЧЕТВЁРТЫЙ)
15: 3 (ЧЕТВЁРТЫЙ)
16: 0 (КРАСНЫЙ)
17: 3 (ЧЕТВЁРТЫЙ)
18: 3 (ЧЕТВЁРТЫЙ)
19: 0 (КРАСНЫЙ)
20: 1 (СИНИЙ)
21: 0 (КРАСНЫЙ)
22: 0 (КРАСНЫЙ)
23: 3 (ЧЕТВЁРТЫЙ)
24: 0 (КРАСНЫЙ)
25: 2 (ЗЕЛЁНЫЙ)
26: 0 (КРАСНЫЙ)
27: 0 (КРАСНЫЙ)
28: 2 (ЗЕЛЁНЫЙ)
29: 3 (ЧЕТВЁРТЫЙ)
30: 3 (ЧЕТВЁРТЫЙ)
31: 0 (КРАСНЫЙ)
32: 1 (СИНИЙ)
33: 3 (ЧЕТВЁРТЫЙ)
34: 1 (СИНИЙ)
35: 3 (ЧЕТВЁРТЫЙ)
36: 1 (СИНИЙ)
37: 0 (КРАСНЫЙ)
38: 3 (ЧЕТВЁРТЫЙ)
39: 0 (КРАСНЫЙ)
40: 0 (КРАСНЫЙ)
41: 0 (КРАСНЫЙ)
42: 1 (СИНИЙ)
43: 1 (СИНИЙ)
44: 0 (КРАСНЫЙ)
45: 3 (ЧЕТВЁРТЫЙ)
46: 0 (КРАСНЫЙ)
47: 1 (СИНИЙ)
48: 2 (ЗЕЛЁНЫЙ)
49: 2 (ЗЕЛЁНЫЙ)
50: 1 (СИНИЙ)
51: 1 (СИНИЙ)
52: 1 (СИНИЙ)
53: 1 (СИНИЙ)
54: 1 (СИНИЙ)
55: 2 (ЗЕЛЁНЫЙ)
56: 0 (КРАСНЫЙ)
57: 1 (СИНИЙ)
58: 2 (ЗЕЛЁНЫЙ)
59: 3 (ЧЕТВЁРТЫЙ)
60: 0 (КРАСНЫЙ)
61: 2 (ЗЕЛЁНЫЙ)
62: 1 (СИНИЙ)
63: 0 (КРАСНЫЙ)
64: 3 (ЧЕТВЁРТЫЙ)
65: 2 (ЗЕЛЁНЫЙ)
66: 1 (СИНИЙ)
67: 2 (ЗЕЛЁНЫЙ)
68: 2 (ЗЕЛЁНЫЙ)
69: 2 (ЗЕЛЁНЫЙ)
70: 2 (ЗЕЛЁНЫЙ)
71: 0 (КРАСНЫЙ)
72: 1 (СИНИЙ)
73: 1 (СИНИЙ)
74: 2 (ЗЕЛЁНЫЙ)
75: 3 (ЧЕТВЁРТЫЙ)
76: 3 (ЧЕТВЁРТЫЙ)
77: 3 (ЧЕТВЁРТЫЙ)
78: 2 (ЗЕЛЁНЫЙ)
79: 2 (ЗЕЛЁНЫЙ)
80: 2 (ЗЕЛЁНЫЙ)
81: 2 (ЗЕЛЁНЫЙ)
82: 0 (КРАСНЫЙ)
83: 1 (СИНИЙ)
84: 2 (ЗЕЛЁНЫЙ)
85: 3 (ЧЕТВЁРТЫЙ)
86: 1 (СИНИЙ)
87: 3 (ЧЕТВЁРТЫЙ)
88: 3 (ЧЕТВЁРТЫЙ)
89: 0 (КРАСНЫЙ)
90: 3 (ЧЕТВЁРТЫЙ)
91: 0 (КРАСНЫЙ)
92: 3 (ЧЕТВЁРТЫЙ)
93: 2 (ЗЕЛЁНЫЙ)
94: 1 (СИНИЙ)
95: 2 (ЗЕЛЁНЫЙ)
96: 3 (ЧЕТВЁРТЫЙ)
97: 1 (СИНИЙ)
98: 3 (ЧЕТВЁРТЫЙ)
99: 3 (ЧЕТВЁРТЫЙ)

================================================================================
РЕЗУЛЬТАТ ПРОВЕРКИ
================================================================================
Всего рёбер: 294
Проверено рёбер: 294
Конфликты: НЕТ
OK: КОНФЛИКТОВ НЕТ! Раскраска корректна.
