Лог-файл раскраски графа
Граф: graph_100_092
Дата: 2026-09-21 10:38:28
Статус: УСПЕШНО
Время выполнения: 11.53 секунд
================================================================================

Загружен граф: 100 вершин, 294 рёбер
Имя графа: graph_100_092
Файл: graphs100\graph_100_092.json

================================================================================
ГРАФ
================================================================================
Всего вершин: 100
Всего рёбер: 294

Вершины:
0
1
2
3
4
5
6
7
8
9
10
11
12
13
14
15
16
17
18
19
20
21
22
23
24
25
26
27
28
29
30
31
32
33
34
35
36
37
38
39
40
41
42
43
44
45
46
47
48
49
50
51
52
53
54
55
56
57
58
59
60
61
62
63
64
65
66
67
68
69
70
71
72
73
74
75
76
77
78
79
80
81
82
83
84
85
86
87
88
89
90
91
92
93
94
95
96
97
98
99

Рёбра:
0 9
0 10
0 26
0 31
0 49
0 77
0 80
0 97
1 20
1 33
1 64
1 81
1 98
2 15
2 35
2 54
2 66
2 67
2 75
2 78
3 11
3 63
3 64
3 98
4 8
4 32
4 79
4 91
4 93
5 10
5 12
5 26
5 31
5 32
5 60
5 89
6 8
6 23
6 29
6 44
6 76
7 14
7 24
7 33
7 34
7 51
7 63
7 94
8 23
8 44
8 79
8 91
9 26
9 49
9 53
9 62
10 12
10 31
10 72
10 80
11 45
11 63
11 71
11 82
11 85
11 95
11 98
12 43
12 60
12 72
12 80
13 14
13 22
13 55
13 61
13 90
14 34
14 55
14 63
14 90
15 35
15 54
15 88
16 19
16 27
16 50
16 57
16 65
17 39
17 47
17 57
17 62
17 83
17 84
18 79
18 81
18 83
18 89
19 27
19 28
19 50
19 68
19 70
20 33
20 39
20 81
20 94
21 30
21 42
21 47
21 56
21 57
21 92
22 61
22 74
22 90
23 29
23 91
24 27
24 34
24 51
24 99
25 38
25 48
25 55
25 61
25 86
25 96
26 31
26 62
26 84
26 89
27 51
27 57
27 70
27 74
27 94
27 99
28 36
28 50
28 68
28 74
29 76
29 87
29 91
30 40
30 56
30 57
30 65
32 60
32 79
32 89
32 93
33 63
33 64
33 94
34 90
34 99
35 74
35 78
35 88
35 91
35 93
35 97
36 41
36 50
36 58
36 74
37 41
37 42
37 53
37 73
38 55
38 63
38 69
38 96
39 57
39 81
39 83
39 94
40 50
40 56
40 58
40 65
41 49
41 53
41 58
41 73
41 74
41 77
41 97
42 47
42 53
42 73
42 92
43 60
43 80
43 93
43 97
44 59
44 76
44 79
44 81
44 95
44 98
45 63
45 69
45 71
45 96
46 52
46 59
46 67
46 85
47 53
47 57
47 62
48 78
48 86
48 96
49 53
49 77
50 58
50 65
51 94
52 67
52 71
52 82
52 85
52 96
53 62
54 75
54 88
55 61
55 63
56 58
56 73
56 92
57 65
57 94
58 73
59 66
59 67
59 76
59 85
59 95
60 93
61 74
61 86
62 84
63 64
63 69
64 98
66 67
66 75
66 76
67 78
67 96
68 70
68 74
69 96
70 74
71 82
71 96
72 80
73 92
74 78
74 86
74 90
74 97
74 99
75 76
75 87
75 88
76 87
77 97
78 86
78 96
79 81
79 89
80 97
81 83
81 98
82 85
83 84
83 89
84 89
85 95
87 88
87 91
88 91
90 99
91 93
93 97
95 98

================================================================================
РАСКРАСКА ПО ВЕРШИНАМ
================================================================================
0: 3 (ЧЕТВЁРТЫЙ)
1: 1 (СИНИЙ)
2: 3 (ЧЕТВЁРТЫЙ)
3: 2 (ЗЕЛЁНЫЙ)
4: 0 (КРАСНЫЙ)
5: 3 (ЧЕТВЁРТЫЙ)
6: 3 (ЧЕТВЁРТЫЙ)
7: 3 (ЧЕТВЁРТЫЙ)
8: 1 (СИНИЙ)
9: 0 (КРАСНЫЙ)
10: 1 (СИНИЙ)
11: 0 (КРАСНЫЙ)
12: 2 (ЗЕЛЁНЫЙ)
13: 1 (СИНИЙ)
14: 2 (ЗЕЛЁНЫЙ)
15: 1 (СИНИЙ)
16: 0 (КРАСНЫЙ)
17: 0 (КРАСНЫЙ)
18: 1 (СИНИЙ)
19: 1 (СИНИЙ)
20: 3 (ЧЕТВЁРТЫЙ)
21: 2 (ЗЕЛЁНЫЙ)
22: 2 (ЗЕЛЁНЫЙ)
23: 0 (КРАСНЫЙ)
24: 0 (КРАСНЫЙ)
25: 1 (СИНИЙ)
26: 1 (СИНИЙ)
27: 2 (ЗЕЛЁНЫЙ)
28: 0 (КРАСНЫЙ)
29: 1 (СИНИЙ)
30: 0 (КРАСНЫЙ)
31: 0 (КРАСНЫЙ)
32: 1 (СИНИЙ)
33: 2 (ЗЕЛЁНЫЙ)
34: 1 (СИНИЙ)
35: 0 (КРАСНЫЙ)
36: 2 (ЗЕЛЁНЫЙ)
37: 0 (КРАСНЫЙ)
38: 3 (ЧЕТВЁРТЫЙ)
39: 1 (СИНИЙ)
40: 2 (ЗЕЛЁНЫЙ)
41: 3 (ЧЕТВЁРТЫЙ)
42: 3 (ЧЕТВЁРТЫЙ)
43: 1 (СИНИЙ)
44: 0 (КРАСНЫЙ)
45: 3 (ЧЕТВЁРТЫЙ)
46: 0 (КРАСНЫЙ)
47: 1 (СИНИЙ)
48: 3 (ЧЕТВЁРТЫЙ)
49: 1 (СИНИЙ)
50: 3 (ЧЕТВЁРТЫЙ)
51: 1 (СИНИЙ)
52: 3 (ЧЕТВЁРТЫЙ)
53: 2 (ЗЕЛЁНЫЙ)
54: 0 (КРАСНЫЙ)
55: 0 (КРАСНЫЙ)
56: 3 (ЧЕТВЁРТЫЙ)
57: 3 (ЧЕТВЁРТЫЙ)
58: 0 (КРАСНЫЙ)
59: 3 (ЧЕТВЁРТЫЙ)
60: 0 (КРАСНЫЙ)
61: 3 (ЧЕТВЁРТЫЙ)
62: 3 (ЧЕТВЁРТЫЙ)
63: 1 (СИНИЙ)
64: 0 (КРАСНЫЙ)
65: 1 (СИНИЙ)
66: 0 (КРАСНЫЙ)
67: 1 (СИНИЙ)
68: 3 (ЧЕТВЁРТЫЙ)
69: 2 (ЗЕЛЁНЫЙ)
70: 0 (КРАСНЫЙ)
71: 1 (СИНИЙ)
72: 3 (ЧЕТВЁРТЫЙ)
73: 1 (СИНИЙ)
74: 1 (СИНИЙ)
75: 1 (СИНИЙ)
76: 2 (ЗЕЛЁНЫЙ)
77: 0 (КРАСНЫЙ)
78: 2 (ЗЕЛЁНЫЙ)
79: 3 (ЧЕТВЁРТЫЙ)
80: 0 (КРАСНЫЙ)
81: 2 (ЗЕЛЁНЫЙ)
82: 2 (ЗЕЛЁНЫЙ)
83: 3 (ЧЕТВЁРТЫЙ)
84: 2 (ЗЕЛЁНЫЙ)
85: 1 (СИНИЙ)
86: 0 (КРАСНЫЙ)
87: 0 (КРАСНЫЙ)
88: 3 (ЧЕТВЁРТЫЙ)
89: 0 (КРАСНЫЙ)
90: 0 (КРАСНЫЙ)
91: 2 (ЗЕЛЁНЫЙ)
92: 0 (КРАСНЫЙ)
93: 3 (ЧЕТВЁРТЫЙ)
94: 0 (КРАСНЫЙ)
95: 2 (ЗЕЛЁНЫЙ)
96: 0 (КРАСНЫЙ)
97: 2 (ЗЕЛЁНЫЙ)
98: 3 (ЧЕТВЁРТЫЙ)
99: 3 (ЧЕТВЁРТЫЙ)

================================================================================
РЕЗУЛЬТАТ ПРОВЕРКИ
================================================================================
Всего рёбер: 294
Проверено рёбер: 294
Конфликты: НЕТ
OK: КОНФЛИКТОВ НЕТ! Раскраска корректна.
