Лог-файл раскраски графа
Граф: graph_100_032
Дата: 2026-09-21 10:13:15
Статус: УСПЕШНО
Время выполнения: 11.10 секунд
================================================================================

Загружен граф: 100 вершин, 294 рёбер
Имя графа: graph_100_032
Файл: graphs100\graph_100_032.json

================================================================================
ГРАФ
================================================================================
Всего вершин: 100
Всего рёбер: 294

Вершины:
0
1
2
3
4
5
6
7
8
9
10
11
12
13
14
15
16
17
18
19
20
21
22
23
24
25
26
27
28
29
30
31
32
33
34
35
36
37
38
39
40
41
42
43
44
45
46
47
48
49
50
51
52
53
54
55
56
57
58
59
60
61
62
63
64
65
66
67
68
69
70
71
72
73
74
75
76
77
78
79
80
81
82
83
84
85
86
87
88
89
90
91
92
93
94
95
96
97
98
99

Рёбра:
0 11
0 22
0 47
0 60
0 68
1 12
1 63
1 67
1 90
1 91
2 18
2 29
2 40
2 48
2 53
2 75
3 12
3 32
3 61
3 73
3 85
4 6
4 20
4 45
4 49
4 69
4 88
5 16
5 64
5 71
5 92
6 19
6 47
6 69
6 84
6 88
6 94
7 9
7 46
7 49
7 65
7 81
8 26
8 42
8 57
8 66
8 70
8 89
9 46
9 56
9 62
9 81
10 22
10 24
10 66
10 68
10 99
11 22
11 29
11 47
11 75
11 84
12 61
12 63
12 85
12 90
12 93
12 95
13 14
13 15
13 25
13 30
13 32
13 74
13 80
13 97
14 25
14 32
14 73
14 85
14 93
15 30
15 71
15 74
16 41
16 43
16 50
16 51
16 64
16 86
16 92
17 44
17 51
17 92
17 96
18 34
18 40
18 53
18 81
19 28
19 59
19 60
19 69
19 94
20 36
20 49
20 65
20 69
20 72
20 79
20 83
21 30
21 38
21 50
21 64
21 83
21 97
22 29
22 68
22 76
22 99
23 25
23 39
23 62
23 65
23 80
24 26
24 66
24 76
24 99
25 39
25 80
25 93
25 95
26 31
26 66
26 70
26 76
27 28
27 33
27 36
27 37
27 55
27 58
28 33
28 36
28 57
28 59
28 69
28 79
29 48
29 75
29 76
30 64
30 71
30 97
31 33
31 35
31 70
31 76
31 82
32 61
32 73
32 74
33 35
33 41
33 42
33 55
33 57
33 70
34 40
34 45
34 49
34 52
34 81
35 41
35 54
35 82
35 98
36 37
36 79
36 83
37 50
37 58
37 83
38 72
38 83
38 97
39 62
39 78
39 95
40 52
40 75
41 50
41 55
41 58
41 86
41 98
42 57
42 70
43 51
43 77
43 86
43 98
44 54
44 71
44 82
44 92
44 96
45 49
45 52
45 88
46 62
46 65
47 60
47 84
47 94
48 53
48 63
48 76
49 65
49 81
50 58
50 64
50 83
51 77
51 87
51 92
51 96
52 75
52 84
52 88
53 63
53 67
53 81
53 91
54 82
54 87
54 96
54 98
55 58
56 62
56 78
56 81
56 90
56 91
57 59
57 89
59 60
59 89
60 68
60 89
60 94
61 63
61 74
62 65
62 78
63 67
63 74
63 76
64 71
65 72
65 80
66 68
66 89
67 91
68 89
69 79
71 74
71 82
71 92
72 80
72 83
72 97
73 85
74 76
74 82
75 84
76 82
76 99
77 87
77 98
78 90
78 95
80 97
81 91
84 88
85 93
86 98
87 96
87 98
90 91
90 95
93 95

================================================================================
РАСКРАСКА ПО ВЕРШИНАМ
================================================================================
0: 0 (КРАСНЫЙ)
1: 3 (ЧЕТВЁРТЫЙ)
2: 0 (КРАСНЫЙ)
3: 0 (КРАСНЫЙ)
4: 0 (КРАСНЫЙ)
5: 1 (СИНИЙ)
6: 1 (СИНИЙ)
7: 1 (СИНИЙ)
8: 1 (СИНИЙ)
9: 0 (КРАСНЫЙ)
10: 0 (КРАСНЫЙ)
11: 1 (СИНИЙ)
12: 1 (СИНИЙ)
13: 3 (ЧЕТВЁРТЫЙ)
14: 0 (КРАСНЫЙ)
15: 2 (ЗЕЛЁНЫЙ)
16: 3 (ЧЕТВЁРТЫЙ)
17: 0 (КРАСНЫЙ)
18: 1 (СИНИЙ)
19: 0 (КРАСНЫЙ)
20: 1 (СИНИЙ)
21: 3 (ЧЕТВЁРТЫЙ)
22: 2 (ЗЕЛЁНЫЙ)
23: 3 (ЧЕТВЁРТЫЙ)
24: 1 (СИНИЙ)
25: 1 (СИНИЙ)
26: 3 (ЧЕТВЁРТЫЙ)
27: 0 (КРАСНЫЙ)
28: 1 (СИНИЙ)
29: 3 (ЧЕТВЁРТЫЙ)
30: 1 (СИНИЙ)
31: 1 (СИНИЙ)
32: 2 (ЗЕЛЁНЫЙ)
33: 3 (ЧЕТВЁРТЫЙ)
34: 0 (КРАСНЫЙ)
35: 2 (ЗЕЛЁНЫЙ)
36: 3 (ЧЕТВЁРТЫЙ)
37: 1 (СИНИЙ)
38: 0 (КРАСНЫЙ)
39: 0 (КРАСНЫЙ)
40: 3 (ЧЕТВЁРТЫЙ)
41: 1 (СИНИЙ)
42: 0 (КРАСНЫЙ)
43: 2 (ЗЕЛЁНЫЙ)
44: 1 (СИНИЙ)
45: 2 (ЗЕЛЁНЫЙ)
46: 3 (ЧЕТВЁРТЫЙ)
47: 3 (ЧЕТВЁРТЫЙ)
48: 1 (СИНИЙ)
49: 3 (ЧЕТВЁРТЫЙ)
50: 0 (КРАСНЫЙ)
51: 1 (СИНИЙ)
52: 1 (СИНИЙ)
53: 3 (ЧЕТВЁРТЫЙ)
54: 0 (КРАСНЫЙ)
55: 2 (ЗЕЛЁНЫЙ)
56: 3 (ЧЕТВЁРТЫЙ)
57: 2 (ЗЕЛЁНЫЙ)
58: 3 (ЧЕТВЁРТЫЙ)
59: 3 (ЧЕТВЁРТЫЙ)
60: 1 (СИНИЙ)
61: 3 (ЧЕТВЁРТЫЙ)
62: 1 (СИНИЙ)
63: 2 (ЗЕЛЁНЫЙ)
64: 2 (ЗЕЛЁНЫЙ)
65: 2 (ЗЕЛЁНЫЙ)
66: 2 (ЗЕЛЁНЫЙ)
67: 0 (КРАСНЫЙ)
68: 3 (ЧЕТВЁРТЫЙ)
69: 3 (ЧЕТВЁРТЫЙ)
70: 2 (ЗЕЛЁНЫЙ)
71: 0 (КРАСНЫЙ)
72: 3 (ЧЕТВЁРТЫЙ)
73: 1 (СИНИЙ)
74: 1 (СИНИЙ)
75: 2 (ЗЕЛЁНЫЙ)
76: 0 (КРАСНЫЙ)
77: 0 (КРАСНЫЙ)
78: 2 (ЗЕЛЁНЫЙ)
79: 0 (КРАСНЫЙ)
80: 0 (КРАСНЫЙ)
81: 2 (ЗЕЛЁНЫЙ)
82: 3 (ЧЕТВЁРТЫЙ)
83: 2 (ЗЕЛЁНЫЙ)
84: 0 (КРАСНЫЙ)
85: 3 (ЧЕТВЁРТЫЙ)
86: 0 (КРАСНЫЙ)
87: 2 (ЗЕЛЁНЫЙ)
88: 3 (ЧЕТВЁРТЫЙ)
89: 0 (КРАСНЫЙ)
90: 0 (КРАСНЫЙ)
91: 1 (СИНИЙ)
92: 2 (ЗЕЛЁНЫЙ)
93: 2 (ЗЕЛЁНЫЙ)
94: 2 (ЗЕЛЁНЫЙ)
95: 3 (ЧЕТВЁРТЫЙ)
96: 3 (ЧЕТВЁРТЫЙ)
97: 2 (ЗЕЛЁНЫЙ)
98: 3 (ЧЕТВЁРТЫЙ)
99: 3 (ЧЕТВЁРТЫЙ)

================================================================================
РЕЗУЛЬТАТ ПРОВЕРКИ
================================================================================
Всего рёбер: 294
Проверено рёбер: 294
Конфликты: НЕТ
OK: КОНФЛИКТОВ НЕТ! Раскраска корректна.
