Лог-файл раскраски графа
Граф: graph_100_006
Дата: 2026-09-21 10:02:28
Статус: УСПЕШНО
Время выполнения: 12.76 секунд
================================================================================

Загружен граф: 100 вершин, 294 рёбер
Имя графа: graph_100_006
Файл: graphs100\graph_100_006.json

================================================================================
ГРАФ
================================================================================
Всего вершин: 100
Всего рёбер: 294

Вершины:
0
1
2
3
4
5
6
7
8
9
10
11
12
13
14
15
16
17
18
19
20
21
22
23
24
25
26
27
28
29
30
31
32
33
34
35
36
37
38
39
40
41
42
43
44
45
46
47
48
49
50
51
52
53
54
55
56
57
58
59
60
61
62
63
64
65
66
67
68
69
70
71
72
73
74
75
76
77
78
79
80
81
82
83
84
85
86
87
88
89
90
91
92
93
94
95
96
97
98
99

Рёбра:
0 8
0 18
0 37
0 50
0 81
1 23
1 31
1 41
1 54
1 64
1 86
1 91
2 38
2 39
2 51
2 61
2 63
3 22
3 32
3 42
3 49
3 89
4 5
4 16
4 27
4 33
4 70
4 87
4 89
5 17
5 24
5 33
5 43
5 55
5 70
5 73
6 32
6 44
6 55
6 70
6 89
7 15
7 21
7 43
7 73
8 37
8 48
8 50
8 57
8 67
9 11
9 56
9 78
9 90
10 45
10 58
10 63
10 98
11 20
11 34
11 43
11 56
11 78
12 20
12 29
12 32
12 34
12 44
12 57
12 99
13 53
13 58
13 72
13 97
14 22
14 62
14 65
14 77
14 94
14 96
15 21
15 30
15 43
15 78
16 27
16 38
16 39
16 52
16 87
16 95
17 20
17 43
17 55
17 99
18 37
18 71
18 81
19 22
19 26
19 28
19 46
19 65
19 68
19 87
20 34
20 43
20 99
21 24
21 30
21 69
21 72
21 73
21 83
22 42
22 62
22 65
22 87
22 89
23 25
23 31
23 54
23 60
23 92
24 27
24 33
24 52
24 69
24 73
25 31
25 50
25 67
25 92
26 28
26 46
26 47
26 51
26 59
27 33
27 52
28 36
28 47
28 65
28 76
28 79
28 80
29 34
29 48
29 57
29 84
30 72
30 78
30 90
31 50
31 81
31 86
32 44
32 49
32 57
32 67
32 89
32 92
34 56
34 74
34 84
35 38
35 45
35 53
35 95
36 66
36 76
36 79
36 93
37 48
37 71
37 84
38 39
38 45
38 63
38 95
39 51
39 68
39 87
40 66
40 76
40 85
40 91
41 64
41 71
41 74
41 81
41 86
42 49
42 62
42 92
43 73
43 78
44 55
44 99
45 53
45 58
45 63
46 51
46 68
47 59
47 79
48 57
48 84
49 92
50 67
50 81
51 59
51 61
51 68
52 53
52 69
52 88
52 95
53 58
53 83
53 88
53 95
53 97
54 60
54 82
54 91
54 96
55 70
55 99
56 74
56 90
57 67
58 72
58 98
59 61
59 75
59 79
59 93
59 98
60 62
60 92
60 96
61 63
61 75
62 92
62 96
63 75
63 98
64 66
64 74
64 90
64 91
64 93
64 98
65 77
65 80
66 76
66 91
66 93
67 92
68 87
69 83
69 88
70 89
71 74
71 81
71 84
72 83
72 90
72 97
72 98
74 84
74 90
75 98
76 80
76 85
77 80
77 94
78 90
79 93
80 82
80 85
80 94
81 86
82 85
82 91
82 94
82 96
83 88
83 97
85 91
87 89
90 98
93 98
94 96

================================================================================
РАСКРАСКА ПО ВЕРШИНАМ
================================================================================
0: 0 (КРАСНЫЙ)
1: 3 (ЧЕТВЁРТЫЙ)
2: 0 (КРАСНЫЙ)
3: 0 (КРАСНЫЙ)
4: 0 (КРАСНЫЙ)
5: 1 (СИНИЙ)
6: 0 (КРАСНЫЙ)
7: 0 (КРАСНЫЙ)
8: 3 (ЧЕТВЁРТЫЙ)
9: 2 (ЗЕЛЁНЫЙ)
10: 0 (КРАСНЫЙ)
11: 0 (КРАСНЫЙ)
12: 0 (КРАСНЫЙ)
13: 0 (КРАСНЫЙ)
14: 3 (ЧЕТВЁРТЫЙ)
15: 2 (ЗЕЛЁНЫЙ)
16: 1 (СИНИЙ)
17: 0 (КРАСНЫЙ)
18: 1 (СИНИЙ)
19: 0 (КРАСНЫЙ)
20: 1 (СИНИЙ)
21: 3 (ЧЕТВЁРТЫЙ)
22: 1 (СИНИЙ)
23: 0 (КРАСНЫЙ)
24: 0 (КРАСНЫЙ)
25: 3 (ЧЕТВЁРТЫЙ)
26: 1 (СИНИЙ)
27: 2 (ЗЕЛЁНЫЙ)
28: 3 (ЧЕТВЁРТЫЙ)
29: 2 (ЗЕЛЁНЫЙ)
30: 0 (КРАСНЫЙ)
31: 1 (СИНИЙ)
32: 3 (ЧЕТВЁРТЫЙ)
33: 3 (ЧЕТВЁРТЫЙ)
34: 3 (ЧЕТВЁРТЫЙ)
35: 0 (КРАСНЫЙ)
36: 0 (КРАСНЫЙ)
37: 2 (ЗЕЛЁНЫЙ)
38: 3 (ЧЕТВЁРТЫЙ)
39: 2 (ЗЕЛЁНЫЙ)
40: 3 (ЧЕТВЁРТЫЙ)
41: 1 (СИНИЙ)
42: 3 (ЧЕТВЁРТЫЙ)
43: 3 (ЧЕТВЁРТЫЙ)
44: 1 (СИНИЙ)
45: 2 (ЗЕЛЁНЫЙ)
46: 2 (ЗЕЛЁНЫЙ)
47: 2 (ЗЕЛЁНЫЙ)
48: 0 (КРАСНЫЙ)
49: 2 (ЗЕЛЁНЫЙ)
50: 2 (ЗЕЛЁНЫЙ)
51: 3 (ЧЕТВЁРТЫЙ)
52: 3 (ЧЕТВЁРТЫЙ)
53: 1 (СИНИЙ)
54: 1 (СИНИЙ)
55: 2 (ЗЕЛЁНЫЙ)
56: 1 (СИНИЙ)
57: 1 (СИНИЙ)
58: 3 (ЧЕТВЁРТЫЙ)
59: 0 (КРАСНЫЙ)
60: 3 (ЧЕТВЁРТЫЙ)
61: 2 (ЗЕЛЁНЫЙ)
62: 2 (ЗЕЛЁНЫЙ)
63: 1 (СИНИЙ)
64: 0 (КРАСНЫЙ)
65: 2 (ЗЕЛЁНЫЙ)
66: 1 (СИНИЙ)
67: 0 (КРАСНЫЙ)
68: 1 (СИНИЙ)
69: 1 (СИНИЙ)
70: 3 (ЧЕТВЁРТЫЙ)
71: 0 (КРАСНЫЙ)
72: 1 (СИНИЙ)
73: 2 (ЗЕЛЁНЫЙ)
74: 2 (ЗЕЛЁНЫЙ)
75: 3 (ЧЕТВЁРТЫЙ)
76: 2 (ЗЕЛЁНЫЙ)
77: 1 (СИНИЙ)
78: 1 (СИНИЙ)
79: 1 (СИНИЙ)
80: 0 (КРАСНЫЙ)
81: 3 (ЧЕТВЁРТЫЙ)
82: 3 (ЧЕТВЁРТЫЙ)
83: 0 (КРАСНЫЙ)
84: 1 (СИНИЙ)
85: 1 (СИНИЙ)
86: 0 (КРАСНЫЙ)
87: 3 (ЧЕТВЁРТЫЙ)
88: 2 (ЗЕЛЁНЫЙ)
89: 2 (ЗЕЛЁНЫЙ)
90: 3 (ЧЕТВЁРТЫЙ)
91: 2 (ЗЕЛЁНЫЙ)
92: 1 (СИНИЙ)
93: 3 (ЧЕТВЁРТЫЙ)
94: 2 (ЗЕЛЁНЫЙ)
95: 2 (ЗЕЛЁНЫЙ)
96: 0 (КРАСНЫЙ)
97: 3 (ЧЕТВЁРТЫЙ)
98: 2 (ЗЕЛЁНЫЙ)
99: 3 (ЧЕТВЁРТЫЙ)

================================================================================
РЕЗУЛЬТАТ ПРОВЕРКИ
================================================================================
Всего рёбер: 294
Проверено рёбер: 294
Конфликты: НЕТ
OK: КОНФЛИКТОВ НЕТ! Раскраска корректна.
