Лог-файл раскраски графа
Граф: graph_100_049
Дата: 2026-09-21 10:20:46
Статус: УСПЕШНО
Время выполнения: 98.02 секунд
================================================================================

Загружен граф: 100 вершин, 294 рёбер
Имя графа: graph_100_049
Файл: graphs100\graph_100_049.json

================================================================================
ГРАФ
================================================================================
Всего вершин: 100
Всего рёбер: 294

Вершины:
0
1
2
3
4
5
6
7
8
9
10
11
12
13
14
15
16
17
18
19
20
21
22
23
24
25
26
27
28
29
30
31
32
33
34
35
36
37
38
39
40
41
42
43
44
45
46
47
48
49
50
51
52
53
54
55
56
57
58
59
60
61
62
63
64
65
66
67
68
69
70
71
72
73
74
75
76
77
78
79
80
81
82
83
84
85
86
87
88
89
90
91
92
93
94
95
96
97
98
99

Рёбра:
0 9
0 66
0 82
0 84
0 99
1 17
1 18
1 35
1 52
2 5
2 34
2 40
2 47
2 62
3 21
3 56
3 58
3 60
3 74
3 81
3 83
3 96
4 18
4 31
4 38
4 63
4 89
5 19
5 40
5 47
5 95
6 23
6 33
6 86
6 90
7 13
7 41
7 53
7 57
7 64
7 74
8 48
8 57
8 92
8 93
9 12
9 27
9 44
9 49
9 71
9 81
9 84
9 99
10 16
10 25
10 34
10 36
10 50
10 62
10 63
11 16
11 35
11 52
11 70
11 91
12 44
12 49
12 51
12 59
12 97
13 41
13 53
13 79
14 26
14 60
14 66
14 69
14 82
15 22
15 42
15 61
15 76
15 87
15 90
15 98
16 40
16 52
16 54
16 62
16 63
16 91
17 18
17 31
17 35
17 93
18 31
18 52
18 63
19 20
19 47
19 53
19 58
19 74
19 95
20 21
20 47
20 58
20 72
21 51
21 56
21 58
21 72
21 75
21 97
22 30
22 37
22 61
22 80
22 98
23 25
23 28
23 33
23 45
23 46
23 90
24 39
24 48
24 96
25 28
25 33
25 34
25 36
25 50
26 39
26 60
26 69
26 96
27 44
27 65
27 78
27 85
27 99
28 38
28 46
28 50
29 37
29 43
29 85
29 88
30 37
30 61
30 76
30 80
30 87
31 38
31 45
31 46
31 87
31 93
32 42
32 59
32 86
32 94
32 97
33 34
33 72
33 86
34 47
34 62
34 72
35 52
35 55
35 70
35 93
36 50
37 43
37 80
37 85
37 87
37 98
38 46
38 50
38 89
39 48
39 69
39 78
39 93
39 96
40 54
40 62
40 67
40 95
41 57
41 79
41 92
42 68
42 86
42 90
42 94
42 98
43 68
43 73
43 77
43 88
43 98
44 59
44 65
44 73
44 94
45 46
45 87
45 90
47 72
48 57
48 64
48 83
48 93
48 96
49 51
49 56
49 75
49 81
50 63
50 89
51 75
51 97
52 63
53 55
53 67
53 74
53 79
53 95
54 67
54 70
54 91
55 67
55 70
55 79
55 93
56 75
56 81
57 64
57 92
58 74
59 94
59 97
60 66
60 71
60 81
60 96
61 76
63 89
64 74
64 83
65 73
65 77
65 85
66 71
66 82
66 84
67 70
67 95
68 73
68 94
68 98
69 78
69 82
70 91
71 81
71 84
72 86
72 97
73 77
73 94
74 83
76 87
77 85
77 88
78 82
78 85
78 87
78 93
78 99
79 92
79 93
82 99
83 96
85 87
85 88
86 90
86 97
87 90
87 93
92 93

================================================================================
РАСКРАСКА ПО ВЕРШИНАМ
================================================================================
0: 0 (КРАСНЫЙ)
1: 2 (ЗЕЛЁНЫЙ)
2: 0 (КРАСНЫЙ)
3: 3 (ЧЕТВЁРТЫЙ)
4: 0 (КРАСНЫЙ)
5: 3 (ЧЕТВЁРТЫЙ)
6: 2 (ЗЕЛЁНЫЙ)
7: 1 (СИНИЙ)
8: 1 (СИНИЙ)
9: 1 (СИНИЙ)
10: 1 (СИНИЙ)
11: 2 (ЗЕЛЁНЫЙ)
12: 0 (КРАСНЫЙ)
13: 0 (КРАСНЫЙ)
14: 0 (КРАСНЫЙ)
15: 0 (КРАСНЫЙ)
16: 3 (ЧЕТВЁРТЫЙ)
17: 0 (КРАСНЫЙ)
18: 3 (ЧЕТВЁРТЫЙ)
19: 0 (КРАСНЫЙ)
20: 3 (ЧЕТВЁРТЫЙ)
21: 0 (КРАСНЫЙ)
22: 3 (ЧЕТВЁРТЫЙ)
23: 3 (ЧЕТВЁРТЫЙ)
24: 3 (ЧЕТВЁРТЫЙ)
25: 2 (ЗЕЛЁНЫЙ)
26: 3 (ЧЕТВЁРТЫЙ)
27: 2 (ЗЕЛЁНЫЙ)
28: 1 (СИНИЙ)
29: 1 (СИНИЙ)
30: 1 (СИНИЙ)
31: 1 (СИНИЙ)
32: 1 (СИНИЙ)
33: 1 (СИНИЙ)
34: 3 (ЧЕТВЁРТЫЙ)
35: 1 (СИНИЙ)
36: 3 (ЧЕТВЁРТЫЙ)
37: 0 (КРАСНЫЙ)
38: 3 (ЧЕТВЁРТЫЙ)
39: 1 (СИНИЙ)
40: 1 (СИНИЙ)
41: 2 (ЗЕЛЁНЫЙ)
42: 3 (ЧЕТВЁРТЫЙ)
43: 3 (ЧЕТВЁРТЫЙ)
44: 3 (ЧЕТВЁРТЫЙ)
45: 0 (КРАСНЫЙ)
46: 2 (ЗЕЛЁНЫЙ)
47: 1 (СИНИЙ)
48: 2 (ЗЕЛЁНЫЙ)
49: 3 (ЧЕТВЁРТЫЙ)
50: 0 (КРАСНЫЙ)
51: 1 (СИНИЙ)
52: 0 (КРАСНЫЙ)
53: 3 (ЧЕТВЁРТЫЙ)
54: 2 (ЗЕЛЁНЫЙ)
55: 2 (ЗЕЛЁНЫЙ)
56: 1 (СИНИЙ)
57: 3 (ЧЕТВЁРТЫЙ)
58: 1 (СИНИЙ)
59: 2 (ЗЕЛЁНЫЙ)
60: 1 (СИНИЙ)
61: 2 (ЗЕЛЁНЫЙ)
62: 2 (ЗЕЛЁНЫЙ)
63: 2 (ЗЕЛЁНЫЙ)
64: 0 (КРАСНЫЙ)
65: 0 (КРАСНЫЙ)
66: 3 (ЧЕТВЁРТЫЙ)
67: 0 (КРАСНЫЙ)
68: 1 (СИНИЙ)
69: 2 (ЗЕЛЁНЫЙ)
70: 3 (ЧЕТВЁРТЫЙ)
71: 0 (КРАСНЫЙ)
72: 2 (ЗЕЛЁНЫЙ)
73: 2 (ЗЕЛЁНЫЙ)
74: 2 (ЗЕЛЁНЫЙ)
75: 2 (ЗЕЛЁНЫЙ)
76: 3 (ЧЕТВЁРТЫЙ)
77: 1 (СИНИЙ)
78: 0 (КРАСНЫЙ)
79: 1 (СИНИЙ)
80: 2 (ЗЕЛЁНЫЙ)
81: 2 (ЗЕЛЁНЫЙ)
82: 1 (СИНИЙ)
83: 1 (СИНИЙ)
84: 2 (ЗЕЛЁНЫЙ)
85: 3 (ЧЕТВЁРТЫЙ)
86: 0 (КРАСНЫЙ)
87: 2 (ЗЕЛЁНЫЙ)
88: 0 (КРАСНЫЙ)
89: 1 (СИНИЙ)
90: 1 (СИНИЙ)
91: 0 (КРАСНЫЙ)
92: 0 (КРАСНЫЙ)
93: 3 (ЧЕТВЁРТЫЙ)
94: 0 (КРАСНЫЙ)
95: 2 (ЗЕЛЁНЫЙ)
96: 0 (КРАСНЫЙ)
97: 3 (ЧЕТВЁРТЫЙ)
98: 2 (ЗЕЛЁНЫЙ)
99: 3 (ЧЕТВЁРТЫЙ)

================================================================================
РЕЗУЛЬТАТ ПРОВЕРКИ
================================================================================
Всего рёбер: 294
Проверено рёбер: 294
Конфликты: НЕТ
OK: КОНФЛИКТОВ НЕТ! Раскраска корректна.
