Лог-файл раскраски графа
Граф: graph_100_060
Дата: 2026-09-21 10:23:28
Статус: УСПЕШНО
Время выполнения: 11.03 секунд
================================================================================

Загружен граф: 100 вершин, 294 рёбер
Имя графа: graph_100_060
Файл: graphs100\graph_100_060.json

================================================================================
ГРАФ
================================================================================
Всего вершин: 100
Всего рёбер: 294

Вершины:
0
1
2
3
4
5
6
7
8
9
10
11
12
13
14
15
16
17
18
19
20
21
22
23
24
25
26
27
28
29
30
31
32
33
34
35
36
37
38
39
40
41
42
43
44
45
46
47
48
49
50
51
52
53
54
55
56
57
58
59
60
61
62
63
64
65
66
67
68
69
70
71
72
73
74
75
76
77
78
79
80
81
82
83
84
85
86
87
88
89
90
91
92
93
94
95
96
97
98
99

Рёбра:
0 3
0 8
0 55
0 82
0 95
1 14
1 20
1 24
1 57
1 79
1 90
2 22
2 23
2 33
2 38
2 40
2 43
2 65
2 74
2 80
2 96
3 4
3 10
3 16
3 55
3 67
3 82
3 85
4 28
4 51
4 55
4 67
4 99
5 13
5 26
5 30
5 36
5 58
5 98
6 12
6 13
6 32
6 54
6 58
6 59
7 18
7 37
7 52
7 71
7 78
8 55
8 94
8 95
9 29
9 41
9 42
9 49
9 83
10 16
10 60
10 73
10 85
10 96
10 97
11 13
11 25
11 32
11 46
11 47
11 56
11 98
12 39
12 54
12 59
12 72
13 32
13 58
13 98
14 22
14 33
14 57
14 83
14 86
14 90
15 16
15 31
15 73
15 88
15 93
16 48
16 67
16 73
16 75
16 88
16 93
17 28
17 48
17 53
17 99
18 37
18 45
18 48
18 53
18 78
19 25
19 30
19 41
19 46
19 49
19 68
20 39
20 64
20 72
20 76
20 79
20 90
21 27
21 35
21 61
21 88
22 33
22 65
22 83
23 31
23 43
23 73
23 74
23 92
23 97
24 37
24 57
24 71
24 76
24 79
25 30
25 36
25 46
25 56
26 30
26 58
26 61
26 66
26 68
26 87
27 35
27 61
27 91
28 48
28 67
28 75
28 99
29 42
29 44
29 83
29 90
30 36
30 68
31 35
31 73
31 88
31 92
32 47
32 54
32 70
33 40
33 86
33 89
34 38
34 40
34 62
34 69
34 77
35 88
35 91
35 92
36 56
36 98
37 48
37 71
37 76
38 40
38 69
38 96
39 54
39 64
39 72
40 62
40 89
41 43
41 49
41 50
41 68
41 81
41 83
42 44
42 46
42 49
43 50
43 65
43 83
43 92
44 46
44 64
44 70
44 84
44 90
45 53
45 78
46 47
46 49
46 84
47 70
47 84
48 53
48 75
48 76
48 88
50 81
50 92
51 55
51 94
51 99
52 57
52 71
52 78
52 86
53 78
53 94
53 99
54 64
54 70
55 94
56 98
57 71
57 86
58 59
58 66
58 87
58 88
59 72
59 76
59 88
60 74
60 80
60 96
60 97
61 68
61 87
61 88
61 91
62 77
62 89
62 95
63 68
63 81
63 91
63 92
64 70
64 90
65 83
66 87
67 75
68 81
68 91
69 77
69 85
69 96
70 84
72 76
73 93
73 97
74 80
74 97
76 79
76 88
77 82
77 85
77 95
78 86
78 94
80 96
81 92
82 85
82 95
83 90
85 96
86 89
86 94
87 88
89 94
89 95
91 92
94 95
94 99

================================================================================
РАСКРАСКА ПО ВЕРШИНАМ
================================================================================
0: 2 (ЗЕЛЁНЫЙ)
1: 0 (КРАСНЫЙ)
2: 3 (ЧЕТВЁРТЫЙ)
3: 0 (КРАСНЫЙ)
4: 1 (СИНИЙ)
5: 3 (ЧЕТВЁРТЫЙ)
6: 0 (КРАСНЫЙ)
7: 2 (ЗЕЛЁНЫЙ)
8: 1 (СИНИЙ)
9: 0 (КРАСНЫЙ)
10: 1 (СИНИЙ)
11: 0 (КРАСНЫЙ)
12: 1 (СИНИЙ)
13: 1 (СИНИЙ)
14: 1 (СИНИЙ)
15: 0 (КРАСНЫЙ)
16: 2 (ЗЕЛЁНЫЙ)
17: 0 (КРАСНЫЙ)
18: 0 (КРАСНЫЙ)
19: 0 (КРАСНЫЙ)
20: 3 (ЧЕТВЁРТЫЙ)
21: 3 (ЧЕТВЁРТЫЙ)
22: 2 (ЗЕЛЁНЫЙ)
23: 0 (КРАСНЫЙ)
24: 2 (ЗЕЛЁНЫЙ)
25: 3 (ЧЕТВЁРТЫЙ)
26: 1 (СИНИЙ)
27: 1 (СИНИЙ)
28: 2 (ЗЕЛЁНЫЙ)
29: 1 (СИНИЙ)
30: 2 (ЗЕЛЁНЫЙ)
31: 2 (ЗЕЛЁНЫЙ)
32: 2 (ЗЕЛЁНЫЙ)
33: 0 (КРАСНЫЙ)
34: 3 (ЧЕТВЁРТЫЙ)
35: 0 (КРАСНЫЙ)
36: 0 (КРАСНЫЙ)
37: 1 (СИНИЙ)
38: 0 (КРАСНЫЙ)
39: 0 (КРАСНЫЙ)
40: 2 (ЗЕЛЁНЫЙ)
41: 1 (СИНИЙ)
42: 2 (ЗЕЛЁНЫЙ)
43: 2 (ЗЕЛЁНЫЙ)
44: 3 (ЧЕТВЁРТЫЙ)
45: 2 (ЗЕЛЁНЫЙ)
46: 1 (СИНИЙ)
47: 3 (ЧЕТВЁРТЫЙ)
48: 3 (ЧЕТВЁРТЫЙ)
49: 3 (ЧЕТВЁРТЫЙ)
50: 0 (КРАСНЫЙ)
51: 2 (ЗЕЛЁНЫЙ)
52: 1 (СИНИЙ)
53: 1 (СИНИЙ)
54: 3 (ЧЕТВЁРТЫЙ)
55: 3 (ЧЕТВЁРТЫЙ)
56: 1 (СИНИЙ)
57: 3 (ЧЕТВЁРТЫЙ)
58: 2 (ЗЕЛЁНЫЙ)
59: 3 (ЧЕТВЁРТЫЙ)
60: 3 (ЧЕТВЁРТЫЙ)
61: 0 (КРАСНЫЙ)
62: 0 (КРАСНЫЙ)
63: 0 (КРАСНЫЙ)
64: 1 (СИНИЙ)
65: 0 (КРАСНЫЙ)
66: 0 (КРАСНЫЙ)
67: 3 (ЧЕТВЁРТЫЙ)
68: 3 (ЧЕТВЁРТЫЙ)
69: 1 (СИНИЙ)
70: 0 (КРАСНЫЙ)
71: 0 (КРАСНЫЙ)
72: 2 (ЗЕЛЁНЫЙ)
73: 3 (ЧЕТВЁРТЫЙ)
74: 1 (СИНИЙ)
75: 0 (КРАСНЫЙ)
76: 0 (КРАСНЫЙ)
77: 2 (ЗЕЛЁНЫЙ)
78: 3 (ЧЕТВЁРТЫЙ)
79: 1 (СИНИЙ)
80: 0 (КРАСНЫЙ)
81: 2 (ЗЕЛЁНЫЙ)
82: 1 (СИНИЙ)
83: 3 (ЧЕТВЁРТЫЙ)
84: 2 (ЗЕЛЁНЫЙ)
85: 3 (ЧЕТВЁРТЫЙ)
86: 2 (ЗЕЛЁНЫЙ)
87: 3 (ЧЕТВЁРТЫЙ)
88: 1 (СИНИЙ)
89: 1 (СИНИЙ)
90: 2 (ЗЕЛЁНЫЙ)
91: 2 (ЗЕЛЁНЫЙ)
92: 3 (ЧЕТВЁРТЫЙ)
93: 1 (СИНИЙ)
94: 0 (КРАСНЫЙ)
95: 3 (ЧЕТВЁРТЫЙ)
96: 2 (ЗЕЛЁНЫЙ)
97: 2 (ЗЕЛЁНЫЙ)
98: 2 (ЗЕЛЁНЫЙ)
99: 3 (ЧЕТВЁРТЫЙ)

================================================================================
РЕЗУЛЬТАТ ПРОВЕРКИ
================================================================================
Всего рёбер: 294
Проверено рёбер: 294
Конфликты: НЕТ
OK: КОНФЛИКТОВ НЕТ! Раскраска корректна.
