Лог-файл раскраски графа
Граф: graph_100_072
Дата: 2026-09-21 10:29:27
Статус: УСПЕШНО
Время выполнения: 10.66 секунд
================================================================================

Загружен граф: 100 вершин, 294 рёбер
Имя графа: graph_100_072
Файл: graphs100\graph_100_072.json

================================================================================
ГРАФ
================================================================================
Всего вершин: 100
Всего рёбер: 294

Вершины:
0
1
2
3
4
5
6
7
8
9
10
11
12
13
14
15
16
17
18
19
20
21
22
23
24
25
26
27
28
29
30
31
32
33
34
35
36
37
38
39
40
41
42
43
44
45
46
47
48
49
50
51
52
53
54
55
56
57
58
59
60
61
62
63
64
65
66
67
68
69
70
71
72
73
74
75
76
77
78
79
80
81
82
83
84
85
86
87
88
89
90
91
92
93
94
95
96
97
98
99

Рёбра:
0 4
0 42
0 68
0 69
0 78
0 89
0 90
1 6
1 28
1 40
1 49
1 52
1 62
1 73
2 7
2 9
2 14
2 23
2 34
2 40
2 52
2 57
2 59
3 12
3 15
3 24
3 43
3 48
4 38
4 42
4 69
5 32
5 77
5 95
6 10
6 40
6 49
6 66
6 87
7 14
7 19
7 59
7 86
8 16
8 22
8 32
8 35
8 50
8 51
8 57
8 92
8 95
9 34
9 35
9 57
9 83
10 49
10 56
10 87
11 12
11 15
11 20
11 24
11 53
11 60
11 70
11 71
12 24
12 28
12 48
12 60
12 62
13 21
13 26
13 82
13 93
14 19
14 51
14 57
14 96
15 24
15 31
15 43
15 58
15 70
16 32
16 67
16 92
17 25
17 26
17 41
17 44
17 56
17 87
18 26
18 33
18 43
18 48
18 58
18 72
19 86
19 90
19 96
20 46
20 53
20 55
20 70
21 26
21 29
21 81
21 93
22 35
22 45
22 64
22 92
23 36
23 37
23 40
23 59
23 76
23 85
23 91
25 36
25 44
25 66
25 76
25 87
26 33
26 41
26 56
26 72
26 81
26 82
27 39
27 47
27 65
27 67
27 84
28 60
28 62
28 71
28 73
29 44
29 81
29 82
29 93
29 94
29 98
30 38
30 42
30 76
30 91
30 94
31 58
31 70
31 72
32 67
32 77
32 95
33 48
33 49
33 56
34 52
34 80
34 83
35 57
35 64
35 83
35 97
36 66
36 76
36 85
37 42
37 59
37 68
37 86
37 91
38 42
38 69
38 94
39 45
39 47
39 67
40 52
40 66
40 85
41 44
41 81
42 68
42 91
43 48
43 58
44 76
44 81
44 94
45 46
45 47
45 64
45 67
45 92
46 47
46 53
46 55
46 64
46 83
46 97
47 55
47 79
47 84
48 49
48 62
49 56
49 62
50 51
50 57
51 57
51 95
51 96
52 73
52 80
53 71
53 80
53 83
54 63
54 69
54 74
54 77
54 82
54 88
55 65
55 70
55 72
55 79
56 87
58 72
59 86
60 71
61 65
61 79
61 84
63 69
63 74
63 89
64 97
65 67
65 72
65 77
65 79
65 84
66 85
66 87
67 77
67 92
68 86
68 90
69 82
69 89
69 94
69 98
70 72
71 73
71 80
72 77
72 82
73 80
74 75
74 88
74 89
74 99
75 77
75 78
75 89
75 90
75 95
75 99
76 91
76 94
77 82
77 88
77 95
77 99
78 89
78 90
79 84
80 83
82 93
82 98
83 97
86 90
88 99
90 95
90 96
94 98
95 96

================================================================================
РАСКРАСКА ПО ВЕРШИНАМ
================================================================================
0: 0 (КРАСНЫЙ)
1: 3 (ЧЕТВЁРТЫЙ)
2: 3 (ЧЕТВЁРТЫЙ)
3: 0 (КРАСНЫЙ)
4: 3 (ЧЕТВЁРТЫЙ)
5: 0 (КРАСНЫЙ)
6: 2 (ЗЕЛЁНЫЙ)
7: 2 (ЗЕЛЁНЫЙ)
8: 0 (КРАСНЫЙ)
9: 0 (КРАСНЫЙ)
10: 3 (ЧЕТВЁРТЫЙ)
11: 1 (СИНИЙ)
12: 3 (ЧЕТВЁРТЫЙ)
13: 3 (ЧЕТВЁРТЫЙ)
14: 0 (КРАСНЫЙ)
15: 3 (ЧЕТВЁРТЫЙ)
16: 1 (СИНИЙ)
17: 3 (ЧЕТВЁРТЫЙ)
18: 0 (КРАСНЫЙ)
19: 1 (СИНИЙ)
20: 3 (ЧЕТВЁРТЫЙ)
21: 0 (КРАСНЫЙ)
22: 1 (СИНИЙ)
23: 0 (КРАСНЫЙ)
24: 2 (ЗЕЛЁНЫЙ)
25: 0 (КРАСНЫЙ)
26: 1 (СИНИЙ)
27: 2 (ЗЕЛЁНЫЙ)
28: 0 (КРАСНЫЙ)
29: 3 (ЧЕТВЁРТЫЙ)
30: 3 (ЧЕТВЁРТЫЙ)
31: 0 (КРАСНЫЙ)
32: 3 (ЧЕТВЁРТЫЙ)
33: 3 (ЧЕТВЁРТЫЙ)
34: 1 (СИНИЙ)
35: 2 (ЗЕЛЁНЫЙ)
36: 1 (СИНИЙ)
37: 3 (ЧЕТВЁРТЫЙ)
38: 1 (СИНИЙ)
39: 1 (СИНИЙ)
40: 1 (СИНИЙ)
41: 0 (КРАСНЫЙ)
42: 2 (ЗЕЛЁНЫЙ)
43: 2 (ЗЕЛЁНЫЙ)
44: 1 (СИНИЙ)
45: 2 (ЗЕЛЁНЫЙ)
46: 1 (СИНИЙ)
47: 3 (ЧЕТВЁРТЫЙ)
48: 1 (СИНИЙ)
49: 0 (КРАСНЫЙ)
50: 2 (ЗЕЛЁНЫЙ)
51: 3 (ЧЕТВЁРТЫЙ)
52: 0 (КРАСНЫЙ)
53: 0 (КРАСНЫЙ)
54: 3 (ЧЕТВЁРТЫЙ)
55: 0 (КРАСНЫЙ)
56: 2 (ЗЕЛЁНЫЙ)
57: 1 (СИНИЙ)
58: 1 (СИНИЙ)
59: 1 (СИНИЙ)
60: 2 (ЗЕЛЁНЫЙ)
61: 3 (ЧЕТВЁРТЫЙ)
62: 2 (ЗЕЛЁНЫЙ)
63: 0 (КРАСНЫЙ)
64: 3 (ЧЕТВЁРТЫЙ)
65: 1 (СИНИЙ)
66: 3 (ЧЕТВЁРТЫЙ)
67: 0 (КРАСНЫЙ)
68: 1 (СИНИЙ)
69: 2 (ЗЕЛЁНЫЙ)
70: 2 (ЗЕЛЁНЫЙ)
71: 3 (ЧЕТВЁРТЫЙ)
72: 3 (ЧЕТВЁРТЫЙ)
73: 1 (СИНИЙ)
74: 1 (СИНИЙ)
75: 0 (КРАСНЫЙ)
76: 2 (ЗЕЛЁНЫЙ)
77: 2 (ЗЕЛЁНЫЙ)
78: 1 (СИНИЙ)
79: 2 (ЗЕЛЁНЫЙ)
80: 2 (ЗЕЛЁНЫЙ)
81: 2 (ЗЕЛЁНЫЙ)
82: 0 (КРАСНЫЙ)
83: 3 (ЧЕТВЁРТЫЙ)
84: 0 (КРАСНЫЙ)
85: 2 (ЗЕЛЁНЫЙ)
86: 0 (КРАСНЫЙ)
87: 1 (СИНИЙ)
88: 0 (КРАСНЫЙ)
89: 3 (ЧЕТВЁРТЫЙ)
90: 3 (ЧЕТВЁРТЫЙ)
91: 1 (СИНИЙ)
92: 3 (ЧЕТВЁРТЫЙ)
93: 1 (СИНИЙ)
94: 0 (КРАСНЫЙ)
95: 1 (СИНИЙ)
96: 2 (ЗЕЛЁНЫЙ)
97: 0 (КРАСНЫЙ)
98: 1 (СИНИЙ)
99: 3 (ЧЕТВЁРТЫЙ)

================================================================================
РЕЗУЛЬТАТ ПРОВЕРКИ
================================================================================
Всего рёбер: 294
Проверено рёбер: 294
Конфликты: НЕТ
OK: КОНФЛИКТОВ НЕТ! Раскраска корректна.
