Лог-файл раскраски графа
Граф: graph_100_077
Дата: 2026-09-21 10:30:26
Статус: УСПЕШНО
Время выполнения: 12.23 секунд
================================================================================

Загружен граф: 100 вершин, 294 рёбер
Имя графа: graph_100_077
Файл: graphs100\graph_100_077.json

================================================================================
ГРАФ
================================================================================
Всего вершин: 100
Всего рёбер: 294

Вершины:
0
1
2
3
4
5
6
7
8
9
10
11
12
13
14
15
16
17
18
19
20
21
22
23
24
25
26
27
28
29
30
31
32
33
34
35
36
37
38
39
40
41
42
43
44
45
46
47
48
49
50
51
52
53
54
55
56
57
58
59
60
61
62
63
64
65
66
67
68
69
70
71
72
73
74
75
76
77
78
79
80
81
82
83
84
85
86
87
88
89
90
91
92
93
94
95
96
97
98
99

Рёбра:
0 32
0 72
0 83
0 84
0 98
1 28
1 37
1 62
1 65
1 73
1 81
2 12
2 16
2 39
2 51
2 99
3 4
3 19
3 77
3 82
4 12
4 19
4 24
4 29
4 47
4 51
4 77
5 51
5 58
5 77
5 80
5 90
6 41
6 48
6 56
6 60
6 72
6 83
7 23
7 53
7 61
7 68
7 76
7 94
8 15
8 21
8 35
8 41
8 67
8 87
9 12
9 16
9 66
10 36
10 92
10 93
10 95
11 13
11 24
11 31
11 44
11 54
11 75
12 16
12 47
12 51
12 66
13 24
13 29
13 47
13 54
14 17
14 63
14 94
14 95
15 30
15 35
15 38
15 61
15 69
15 87
16 66
16 85
16 99
17 31
17 53
17 63
17 68
17 94
18 28
18 36
18 65
18 73
18 93
19 23
19 24
19 38
19 61
19 76
19 82
20 26
20 40
20 45
20 49
20 50
20 74
20 85
21 35
21 37
21 55
21 67
21 73
22 32
22 74
22 88
22 89
22 98
23 24
23 52
23 68
23 76
24 29
24 31
24 52
25 43
25 55
25 56
25 60
25 78
25 86
25 91
25 96
26 34
26 39
26 40
26 50
27 33
27 46
27 55
27 62
27 81
27 91
28 36
28 57
28 62
28 63
28 65
29 47
30 35
30 64
30 69
31 44
31 52
31 57
31 63
31 68
31 71
32 48
32 70
32 74
32 83
32 98
33 62
33 78
33 86
33 91
34 39
34 50
34 51
34 58
34 97
35 64
35 73
35 93
36 63
36 93
36 95
37 46
37 55
37 73
37 81
38 59
38 61
38 80
38 82
38 87
39 40
39 45
39 51
39 85
39 99
40 45
41 43
41 48
41 56
41 67
41 87
42 54
42 57
42 62
42 79
43 55
43 56
43 67
44 71
44 75
45 85
46 55
46 81
47 54
47 66
48 70
48 83
48 87
49 54
49 74
49 78
49 84
49 85
49 88
49 89
50 74
50 97
51 58
51 77
52 68
53 68
53 94
54 62
54 66
54 75
54 78
54 79
54 85
55 67
55 91
56 60
57 62
57 63
57 71
57 79
58 59
58 90
58 97
59 80
59 87
59 90
59 97
60 72
60 96
61 69
61 76
61 92
61 94
62 78
62 81
63 95
64 69
64 93
65 73
66 85
69 92
69 93
70 74
70 87
70 97
71 75
71 79
72 83
72 84
72 96
73 93
74 89
74 97
75 79
77 80
77 82
78 84
78 86
78 96
80 82
80 90
84 88
84 96
84 98
85 99
86 91
87 97
88 89
88 98
92 93
92 94
92 95
94 95

================================================================================
РАСКРАСКА ПО ВЕРШИНАМ
================================================================================
0: 0 (КРАСНЫЙ)
1: 0 (КРАСНЫЙ)
2: 2 (ЗЕЛЁНЫЙ)
3: 2 (ЗЕЛЁНЫЙ)
4: 0 (КРАСНЫЙ)
5: 0 (КРАСНЫЙ)
6: 1 (СИНИЙ)
7: 3 (ЧЕТВЁРТЫЙ)
8: 0 (КРАСНЫЙ)
9: 2 (ЗЕЛЁНЫЙ)
10: 0 (КРАСНЫЙ)
11: 3 (ЧЕТВЁРТЫЙ)
12: 1 (СИНИЙ)
13: 0 (КРАСНЫЙ)
14: 1 (СИНИЙ)
15: 3 (ЧЕТВЁРТЫЙ)
16: 0 (КРАСНЫЙ)
17: 3 (ЧЕТВЁРТЫЙ)
18: 0 (КРАСНЫЙ)
19: 3 (ЧЕТВЁРТЫЙ)
20: 1 (СИНИЙ)
21: 1 (СИНИЙ)
22: 1 (СИНИЙ)
23: 0 (КРАСНЫЙ)
24: 1 (СИНИЙ)
25: 1 (СИНИЙ)
26: 3 (ЧЕТВЁРТЫЙ)
27: 2 (ЗЕЛЁНЫЙ)
28: 2 (ЗЕЛЁНЫЙ)
29: 3 (ЧЕТВЁРТЫЙ)
30: 1 (СИНИЙ)
31: 2 (ЗЕЛЁНЫЙ)
32: 3 (ЧЕТВЁРТЫЙ)
33: 1 (СИНИЙ)
34: 0 (КРАСНЫЙ)
35: 2 (ЗЕЛЁНЫЙ)
36: 3 (ЧЕТВЁРТЫЙ)
37: 2 (ЗЕЛЁНЫЙ)
38: 1 (СИНИЙ)
39: 1 (СИНИЙ)
40: 0 (КРАСНЫЙ)
41: 3 (ЧЕТВЁРТЫЙ)
42: 0 (КРАСНЫЙ)
43: 0 (КРАСНЫЙ)
44: 1 (СИНИЙ)
45: 3 (ЧЕТВЁРТЫЙ)
46: 0 (КРАСНЫЙ)
47: 2 (ЗЕЛЁНЫЙ)
48: 0 (КРАСНЫЙ)
49: 3 (ЧЕТВЁРТЫЙ)
50: 2 (ЗЕЛЁНЫЙ)
51: 3 (ЧЕТВЁРТЫЙ)
52: 3 (ЧЕТВЁРТЫЙ)
53: 2 (ЗЕЛЁНЫЙ)
54: 1 (СИНИЙ)
55: 3 (ЧЕТВЁРТЫЙ)
56: 2 (ЗЕЛЁНЫЙ)
57: 1 (СИНИЙ)
58: 1 (СИНИЙ)
59: 0 (КРАСНЫЙ)
60: 0 (КРАСНЫЙ)
61: 2 (ЗЕЛЁНЫЙ)
62: 3 (ЧЕТВЁРТЫЙ)
63: 0 (КРАСНЫЙ)
64: 3 (ЧЕТВЁРТЫЙ)
65: 1 (СИНИЙ)
66: 3 (ЧЕТВЁРТЫЙ)
67: 2 (ЗЕЛЁНЫЙ)
68: 1 (СИНИЙ)
69: 0 (КРАСНЫЙ)
70: 1 (СИНИЙ)
71: 3 (ЧЕТВЁРТЫЙ)
72: 3 (ЧЕТВЁРТЫЙ)
73: 3 (ЧЕТВЁРТЫЙ)
74: 0 (КРАСНЫЙ)
75: 0 (КРАСНЫЙ)
76: 1 (СИНИЙ)
77: 1 (СИНИЙ)
78: 0 (КРАСНЫЙ)
79: 2 (ЗЕЛЁНЫЙ)
80: 3 (ЧЕТВЁРТЫЙ)
81: 1 (СИНИЙ)
82: 0 (КРАСНЫЙ)
83: 2 (ЗЕЛЁНЫЙ)
84: 1 (СИНИЙ)
85: 2 (ЗЕЛЁНЫЙ)
86: 3 (ЧЕТВЁРТЫЙ)
87: 2 (ЗЕЛЁНЫЙ)
88: 0 (КРАСНЫЙ)
89: 2 (ЗЕЛЁНЫЙ)
90: 2 (ЗЕЛЁНЫЙ)
91: 0 (КРАСНЫЙ)
92: 3 (ЧЕТВЁРТЫЙ)
93: 1 (СИНИЙ)
94: 0 (КРАСНЫЙ)
95: 2 (ЗЕЛЁНЫЙ)
96: 2 (ЗЕЛЁНЫЙ)
97: 3 (ЧЕТВЁРТЫЙ)
98: 2 (ЗЕЛЁНЫЙ)
99: 3 (ЧЕТВЁРТЫЙ)

================================================================================
РЕЗУЛЬТАТ ПРОВЕРКИ
================================================================================
Всего рёбер: 294
Проверено рёбер: 294
Конфликты: НЕТ
OK: КОНФЛИКТОВ НЕТ! Раскраска корректна.
