Лог-файл раскраски графа
Граф: graph_100_037
Дата: 2026-09-21 10:16:58
Статус: УСПЕШНО
Время выполнения: 11.68 секунд
================================================================================

Загружен граф: 100 вершин, 294 рёбер
Имя графа: graph_100_037
Файл: graphs100\graph_100_037.json

================================================================================
ГРАФ
================================================================================
Всего вершин: 100
Всего рёбер: 294

Вершины:
0
1
2
3
4
5
6
7
8
9
10
11
12
13
14
15
16
17
18
19
20
21
22
23
24
25
26
27
28
29
30
31
32
33
34
35
36
37
38
39
40
41
42
43
44
45
46
47
48
49
50
51
52
53
54
55
56
57
58
59
60
61
62
63
64
65
66
67
68
69
70
71
72
73
74
75
76
77
78
79
80
81
82
83
84
85
86
87
88
89
90
91
92
93
94
95
96
97
98
99

Рёбра:
0 7
0 19
0 27
0 40
0 43
0 69
0 82
0 95
1 3
1 46
1 51
1 73
1 84
1 90
2 8
2 48
2 56
2 63
2 70
2 81
2 83
3 4
3 14
3 17
3 51
3 84
4 6
4 14
4 42
4 51
4 72
4 77
5 40
5 48
5 53
5 54
5 63
5 69
5 79
6 9
6 31
6 42
6 72
7 43
7 60
7 66
7 71
7 95
7 97
8 37
8 48
8 50
8 56
9 12
9 31
9 36
9 42
9 83
10 44
10 57
10 67
10 89
10 94
11 44
11 47
11 55
11 68
11 94
11 98
12 26
12 35
12 36
12 42
13 21
13 29
13 49
13 50
13 62
13 87
13 90
14 17
14 42
14 96
15 45
15 52
15 60
15 65
15 66
15 74
16 21
16 50
16 62
16 75
16 86
17 20
17 34
17 84
17 96
18 38
18 57
18 58
18 59
18 74
18 99
19 23
19 25
19 40
19 43
20 34
20 46
20 94
20 96
20 98
21 62
21 86
21 90
22 26
22 36
22 53
22 54
22 61
22 69
23 25
23 39
23 40
23 79
24 38
24 65
24 74
24 99
25 39
25 43
25 45
25 52
25 64
25 85
26 35
26 36
26 61
27 28
27 61
27 69
27 82
28 61
28 69
29 47
29 73
29 87
29 90
30 56
30 70
30 72
30 75
30 77
30 93
31 72
31 78
31 83
32 51
32 75
32 77
32 86
32 93
33 37
33 41
33 45
33 49
33 58
33 80
33 88
33 92
34 46
34 84
35 38
35 42
35 61
35 82
36 53
36 83
37 45
37 48
37 49
37 50
37 64
37 85
38 42
38 57
38 65
38 67
38 71
38 76
38 82
38 94
38 99
39 48
39 64
39 79
40 69
40 79
41 57
41 59
41 80
41 88
41 89
42 94
42 96
43 52
43 66
44 68
44 89
44 94
45 52
45 58
45 74
45 85
46 55
46 73
46 84
46 98
47 55
47 68
47 73
47 80
47 87
47 92
48 63
48 64
48 79
49 50
49 87
49 91
49 92
50 56
50 62
50 75
51 77
51 86
51 90
52 66
53 54
53 63
53 83
54 69
55 73
55 98
56 70
56 75
57 59
57 67
57 89
58 59
58 74
58 88
59 88
60 65
60 66
60 97
61 69
61 82
63 83
64 85
65 71
65 74
65 97
67 94
68 80
68 89
70 72
70 78
70 81
71 76
71 95
71 97
72 77
72 78
73 90
74 99
75 86
75 93
76 82
76 95
77 93
78 81
78 83
80 89
80 92
81 83
82 95
86 90
87 91
87 92
91 92
94 96
94 98

================================================================================
РАСКРАСКА ПО ВЕРШИНАМ
================================================================================
0: 1 (СИНИЙ)
1: 0 (КРАСНЫЙ)
2: 3 (ЧЕТВЁРТЫЙ)
3: 3 (ЧЕТВЁРТЫЙ)
4: 0 (КРАСНЫЙ)
5: 0 (КРАСНЫЙ)
6: 1 (СИНИЙ)
7: 3 (ЧЕТВЁРТЫЙ)
8: 0 (КРАСНЫЙ)
9: 2 (ЗЕЛЁНЫЙ)
10: 0 (КРАСНЫЙ)
11: 1 (СИНИЙ)
12: 0 (КРАСНЫЙ)
13: 0 (КРАСНЫЙ)
14: 1 (СИНИЙ)
15: 0 (КРАСНЫЙ)
16: 3 (ЧЕТВЁРТЫЙ)
17: 2 (ЗЕЛЁНЫЙ)
18: 1 (СИНИЙ)
19: 3 (ЧЕТВЁРТЫЙ)
20: 1 (СИНИЙ)
21: 2 (ЗЕЛЁНЫЙ)
22: 0 (КРАСНЫЙ)
23: 1 (СИНИЙ)
24: 1 (СИНИЙ)
25: 2 (ЗЕЛЁНЫЙ)
26: 3 (ЧЕТВЁРТЫЙ)
27: 0 (КРАСНЫЙ)
28: 1 (СИНИЙ)
29: 2 (ЗЕЛЁНЫЙ)
30: 3 (ЧЕТВЁРТЫЙ)
31: 3 (ЧЕТВЁРТЫЙ)
32: 3 (ЧЕТВЁРТЫЙ)
33: 0 (КРАСНЫЙ)
34: 0 (КРАСНЫЙ)
35: 1 (СИНИЙ)
36: 1 (СИНИЙ)
37: 3 (ЧЕТВЁРТЫЙ)
38: 0 (КРАСНЫЙ)
39: 0 (КРАСНЫЙ)
40: 2 (ЗЕЛЁНЫЙ)
41: 2 (ЗЕЛЁНЫЙ)
42: 3 (ЧЕТВЁРТЫЙ)
43: 0 (КРАСНЫЙ)
44: 3 (ЧЕТВЁРТЫЙ)
45: 1 (СИНИЙ)
46: 3 (ЧЕТВЁРТЫЙ)
47: 0 (КРАСНЫЙ)
48: 2 (ЗЕЛЁНЫЙ)
49: 1 (СИНИЙ)
50: 2 (ЗЕЛЁНЫЙ)
51: 2 (ЗЕЛЁНЫЙ)
52: 3 (ЧЕТВЁРТЫЙ)
53: 3 (ЧЕТВЁРТЫЙ)
54: 1 (СИНИЙ)
55: 2 (ЗЕЛЁНЫЙ)
56: 1 (СИНИЙ)
57: 3 (ЧЕТВЁРТЫЙ)
58: 3 (ЧЕТВЁРТЫЙ)
59: 0 (КРАСНЫЙ)
60: 1 (СИНИЙ)
61: 2 (ЗЕЛЁНЫЙ)
62: 1 (СИНИЙ)
63: 1 (СИНИЙ)
64: 1 (СИНИЙ)
65: 3 (ЧЕТВЁРТЫЙ)
66: 2 (ЗЕЛЁНЫЙ)
67: 1 (СИНИЙ)
68: 2 (ЗЕЛЁНЫЙ)
69: 3 (ЧЕТВЁРТЫЙ)
70: 0 (КРАСНЫЙ)
71: 1 (СИНИЙ)
72: 2 (ЗЕЛЁНЫЙ)
73: 1 (СИНИЙ)
74: 2 (ЗЕЛЁНЫЙ)
75: 0 (КРАСНЫЙ)
76: 2 (ЗЕЛЁНЫЙ)
77: 1 (СИНИЙ)
78: 1 (СИНИЙ)
79: 3 (ЧЕТВЁРТЫЙ)
80: 3 (ЧЕТВЁРТЫЙ)
81: 2 (ЗЕЛЁНЫЙ)
82: 3 (ЧЕТВЁРТЫЙ)
83: 0 (КРАСНЫЙ)
84: 1 (СИНИЙ)
85: 0 (КРАСНЫЙ)
86: 1 (СИНИЙ)
87: 3 (ЧЕТВЁРТЫЙ)
88: 1 (СИНИЙ)
89: 1 (СИНИЙ)
90: 3 (ЧЕТВЁРТЫЙ)
91: 0 (КРАСНЫЙ)
92: 2 (ЗЕЛЁНЫЙ)
93: 2 (ЗЕЛЁНЫЙ)
94: 2 (ЗЕЛЁНЫЙ)
95: 0 (КРАСНЫЙ)
96: 0 (КРАСНЫЙ)
97: 0 (КРАСНЫЙ)
98: 0 (КРАСНЫЙ)
99: 3 (ЧЕТВЁРТЫЙ)

================================================================================
РЕЗУЛЬТАТ ПРОВЕРКИ
================================================================================
Всего рёбер: 294
Проверено рёбер: 294
Конфликты: НЕТ
OK: КОНФЛИКТОВ НЕТ! Раскраска корректна.
