Лог-файл раскраски графа
Граф: graph_100_053
Дата: 2026-09-21 10:21:58
Статус: УСПЕШНО
Время выполнения: 17.62 секунд
================================================================================

Загружен граф: 100 вершин, 294 рёбер
Имя графа: graph_100_053
Файл: graphs100\graph_100_053.json

================================================================================
ГРАФ
================================================================================
Всего вершин: 100
Всего рёбер: 294

Вершины:
0
1
2
3
4
5
6
7
8
9
10
11
12
13
14
15
16
17
18
19
20
21
22
23
24
25
26
27
28
29
30
31
32
33
34
35
36
37
38
39
40
41
42
43
44
45
46
47
48
49
50
51
52
53
54
55
56
57
58
59
60
61
62
63
64
65
66
67
68
69
70
71
72
73
74
75
76
77
78
79
80
81
82
83
84
85
86
87
88
89
90
91
92
93
94
95
96
97
98
99

Рёбра:
0 38
0 44
0 47
0 67
1 4
1 64
1 77
1 87
2 10
2 15
2 36
2 56
2 71
3 8
3 14
3 24
3 31
3 47
3 49
3 61
4 52
4 64
4 72
4 77
5 12
5 22
5 28
5 75
5 79
6 23
6 28
6 60
6 79
7 9
7 15
7 45
7 75
7 97
8 14
8 30
8 31
8 88
8 92
9 40
9 45
9 65
9 69
9 76
9 96
9 97
10 11
10 15
10 56
11 15
11 56
11 65
11 69
12 18
12 22
12 60
12 79
12 98
13 21
13 25
13 63
13 78
13 89
13 99
14 61
14 88
15 64
15 65
15 71
15 72
15 75
15 97
16 48
16 66
16 83
16 91
16 94
17 19
17 27
17 33
17 34
17 35
17 38
17 59
17 67
17 70
17 95
18 22
18 32
18 54
18 98
19 27
19 35
19 42
19 55
19 74
20 25
20 41
20 76
20 96
20 99
21 25
21 48
21 53
21 57
21 89
22 54
22 75
22 87
23 28
23 39
23 43
23 60
23 81
23 83
24 36
24 47
24 49
24 71
24 73
24 90
25 41
25 57
25 82
25 99
26 30
26 31
26 58
26 92
26 93
27 38
27 42
28 43
28 75
28 79
29 54
29 62
29 77
29 84
29 86
29 90
30 58
30 61
30 88
30 92
30 98
31 49
31 84
31 92
31 93
32 54
32 58
32 86
32 98
33 34
33 59
33 63
33 68
33 78
33 85
34 70
34 85
35 55
35 66
35 95
36 47
36 56
36 59
36 67
36 68
36 71
37 63
37 66
37 70
37 85
37 89
37 91
38 42
38 44
38 67
38 74
39 46
39 81
39 82
39 83
40 69
40 78
40 96
40 99
41 46
41 76
41 82
42 74
43 51
43 75
43 80
43 81
44 47
44 74
45 50
45 51
45 75
45 76
46 76
46 80
46 81
46 82
47 55
47 61
47 67
47 74
48 53
48 89
48 91
48 94
49 73
49 84
49 90
50 51
50 76
50 80
51 75
51 80
52 71
52 72
52 77
52 90
53 57
53 83
53 94
54 77
54 86
54 87
55 61
55 66
55 74
55 83
56 68
56 69
57 82
57 83
58 62
58 84
58 86
58 93
58 98
59 67
59 68
60 79
60 83
60 98
61 83
61 88
61 98
62 84
62 86
63 78
63 85
63 89
64 72
64 75
64 87
65 69
65 97
66 70
66 83
66 91
66 95
68 69
68 78
69 78
70 85
70 95
71 72
71 90
73 90
75 87
76 80
76 96
77 87
77 90
78 99
80 81
82 83
83 94
83 98
84 90
84 93
89 91
96 99

================================================================================
РАСКРАСКА ПО ВЕРШИНАМ
================================================================================
0: 0 (КРАСНЫЙ)
1: 0 (КРАСНЫЙ)
2: 2 (ЗЕЛЁНЫЙ)
3: 0 (КРАСНЫЙ)
4: 3 (ЧЕТВЁРТЫЙ)
5: 3 (ЧЕТВЁРТЫЙ)
6: 2 (ЗЕЛЁНЫЙ)
7: 0 (КРАСНЫЙ)
8: 3 (ЧЕТВЁРТЫЙ)
9: 3 (ЧЕТВЁРТЫЙ)
10: 0 (КРАСНЫЙ)
11: 1 (СИНИЙ)
12: 0 (КРАСНЫЙ)
13: 0 (КРАСНЫЙ)
14: 1 (СИНИЙ)
15: 3 (ЧЕТВЁРТЫЙ)
16: 3 (ЧЕТВЁРТЫЙ)
17: 0 (КРАСНЫЙ)
18: 3 (ЧЕТВЁРТЫЙ)
19: 1 (СИНИЙ)
20: 0 (КРАСНЫЙ)
21: 1 (СИНИЙ)
22: 1 (СИНИЙ)
23: 1 (СИНИЙ)
24: 3 (ЧЕТВЁРТЫЙ)
25: 2 (ЗЕЛЁНЫЙ)
26: 3 (ЧЕТВЁРТЫЙ)
27: 3 (ЧЕТВЁРТЫЙ)
28: 0 (КРАСНЫЙ)
29: 0 (КРАСНЫЙ)
30: 0 (КРАСНЫЙ)
31: 2 (ЗЕЛЁНЫЙ)
32: 0 (КРАСНЫЙ)
33: 3 (ЧЕТВЁРТЫЙ)
34: 2 (ЗЕЛЁНЫЙ)
35: 3 (ЧЕТВЁРТЫЙ)
36: 0 (КРАСНЫЙ)
37: 0 (КРАСНЫЙ)
38: 1 (СИНИЙ)
39: 3 (ЧЕТВЁРТЫЙ)
40: 2 (ЗЕЛЁНЫЙ)
41: 3 (ЧЕТВЁРТЫЙ)
42: 0 (КРАСНЫЙ)
43: 3 (ЧЕТВЁРТЫЙ)
44: 2 (ЗЕЛЁНЫЙ)
45: 1 (СИНИЙ)
46: 0 (КРАСНЫЙ)
47: 1 (СИНИЙ)
48: 0 (КРАСНЫЙ)
49: 1 (СИНИЙ)
50: 3 (ЧЕТВЁРТЫЙ)
51: 0 (КРАСНЫЙ)
52: 0 (КРАСНЫЙ)
53: 3 (ЧЕТВЁРТЫЙ)
54: 2 (ЗЕЛЁНЫЙ)
55: 0 (КРАСНЫЙ)
56: 3 (ЧЕТВЁРТЫЙ)
57: 0 (КРАСНЫЙ)
58: 2 (ЗЕЛЁНЫЙ)
59: 1 (СИНИЙ)
60: 3 (ЧЕТВЁРТЫЙ)
61: 3 (ЧЕТВЁРТЫЙ)
62: 1 (СИНИЙ)
63: 2 (ЗЕЛЁНЫЙ)
64: 1 (СИНИЙ)
65: 2 (ЗЕЛЁНЫЙ)
66: 1 (СИНИЙ)
67: 3 (ЧЕТВЁРТЫЙ)
68: 2 (ЗЕЛЁНЫЙ)
69: 0 (КРАСНЫЙ)
70: 3 (ЧЕТВЁРТЫЙ)
71: 1 (СИНИЙ)
72: 2 (ЗЕЛЁНЫЙ)
73: 0 (КРАСНЫЙ)
74: 3 (ЧЕТВЁРТЫЙ)
75: 2 (ЗЕЛЁНЫЙ)
76: 2 (ЗЕЛЁНЫЙ)
77: 1 (СИНИЙ)
78: 1 (СИНИЙ)
79: 1 (СИНИЙ)
80: 1 (СИНИЙ)
81: 2 (ЗЕЛЁНЫЙ)
82: 1 (СИНИЙ)
83: 2 (ЗЕЛЁНЫЙ)
84: 3 (ЧЕТВЁРТЫЙ)
85: 1 (СИНИЙ)
86: 3 (ЧЕТВЁРТЫЙ)
87: 3 (ЧЕТВЁРТЫЙ)
88: 2 (ЗЕЛЁНЫЙ)
89: 3 (ЧЕТВЁРТЫЙ)
90: 2 (ЗЕЛЁНЫЙ)
91: 2 (ЗЕЛЁНЫЙ)
92: 1 (СИНИЙ)
93: 0 (КРАСНЫЙ)
94: 1 (СИНИЙ)
95: 2 (ЗЕЛЁНЫЙ)
96: 1 (СИНИЙ)
97: 1 (СИНИЙ)
98: 1 (СИНИЙ)
99: 3 (ЧЕТВЁРТЫЙ)

================================================================================
РЕЗУЛЬТАТ ПРОВЕРКИ
================================================================================
Всего рёбер: 294
Проверено рёбер: 294
Конфликты: НЕТ
OK: КОНФЛИКТОВ НЕТ! Раскраска корректна.
