Лог-файл раскраски графа
Граф: graph_100_045
Дата: 2026-09-21 10:18:34
Статус: УСПЕШНО
Время выполнения: 12.70 секунд
================================================================================

Загружен граф: 100 вершин, 294 рёбер
Имя графа: graph_100_045
Файл: graphs100\graph_100_045.json

================================================================================
ГРАФ
================================================================================
Всего вершин: 100
Всего рёбер: 294

Вершины:
0
1
2
3
4
5
6
7
8
9
10
11
12
13
14
15
16
17
18
19
20
21
22
23
24
25
26
27
28
29
30
31
32
33
34
35
36
37
38
39
40
41
42
43
44
45
46
47
48
49
50
51
52
53
54
55
56
57
58
59
60
61
62
63
64
65
66
67
68
69
70
71
72
73
74
75
76
77
78
79
80
81
82
83
84
85
86
87
88
89
90
91
92
93
94
95
96
97
98
99

Рёбра:
0 6
0 28
0 42
0 65
0 89
0 90
1 19
1 34
1 68
1 91
1 95
2 18
2 64
2 73
2 78
2 86
3 25
3 33
3 34
3 39
3 56
3 60
4 22
4 74
4 88
4 96
5 26
5 41
5 43
5 49
5 66
5 89
6 42
6 48
6 53
6 55
6 87
6 90
7 10
7 15
7 16
7 20
7 23
7 45
7 50
7 67
8 26
8 28
8 43
8 65
9 27
9 30
9 50
9 81
9 84
10 30
10 45
10 50
10 54
10 75
11 40
11 59
11 61
11 69
11 73
11 77
11 96
12 27
12 33
12 59
12 61
12 81
13 15
13 23
13 24
13 36
13 45
13 54
13 91
14 17
14 36
14 53
14 63
14 87
14 97
15 23
15 45
16 50
16 64
16 67
16 72
17 20
17 23
17 36
17 80
17 87
18 51
18 78
18 85
18 86
18 93
19 25
19 27
19 34
19 58
19 68
20 23
20 32
20 67
20 80
21 32
21 41
21 48
21 79
21 80
22 52
22 76
22 82
22 83
22 88
22 96
23 36
24 36
24 63
24 91
24 97
25 27
25 33
25 34
25 58
26 43
26 65
26 89
27 30
27 33
27 68
27 81
28 42
28 43
28 65
29 54
29 68
29 75
29 91
30 50
30 68
30 75
31 37
31 70
31 76
31 77
31 78
31 88
32 67
32 72
32 79
32 80
33 60
33 61
34 56
34 58
34 95
35 62
35 85
35 92
35 98
35 99
36 97
37 69
37 77
37 78
38 42
38 43
38 66
38 71
39 52
39 56
39 60
40 52
40 57
40 61
40 96
41 48
41 49
41 79
41 89
41 90
42 43
42 53
42 71
42 92
43 66
44 47
44 70
44 76
44 83
44 94
44 99
45 54
46 49
46 51
46 62
46 85
47 82
47 83
47 94
47 98
48 55
48 80
48 90
49 51
49 62
49 66
49 79
50 64
50 84
51 72
51 79
51 85
51 86
52 56
52 57
52 60
52 82
52 96
53 63
53 87
53 92
54 75
54 91
55 80
55 87
56 82
56 95
57 60
57 61
59 61
59 73
59 81
60 61
62 66
62 71
62 85
62 92
63 91
63 92
63 97
63 98
64 72
64 73
64 84
64 86
65 89
66 71
67 72
68 75
68 91
69 73
69 77
69 78
70 76
70 78
70 93
70 99
71 92
72 79
72 86
73 78
73 81
73 84
74 77
74 88
74 96
76 83
76 88
77 88
77 96
78 93
80 87
81 84
82 83
82 95
82 98
85 93
85 99
89 90
91 95
91 98
92 98
93 99
94 98
94 99
95 98
98 99

================================================================================
РАСКРАСКА ПО ВЕРШИНАМ
================================================================================
0: 0 (КРАСНЫЙ)
1: 1 (СИНИЙ)
2: 0 (КРАСНЫЙ)
3: 3 (ЧЕТВЁРТЫЙ)
4: 3 (ЧЕТВЁРТЫЙ)
5: 3 (ЧЕТВЁРТЫЙ)
6: 1 (СИНИЙ)
7: 0 (КРАСНЫЙ)
8: 1 (СИНИЙ)
9: 0 (КРАСНЫЙ)
10: 3 (ЧЕТВЁРТЫЙ)
11: 1 (СИНИЙ)
12: 2 (ЗЕЛЁНЫЙ)
13: 3 (ЧЕТВЁРТЫЙ)
14: 1 (СИНИЙ)
15: 2 (ЗЕЛЁНЫЙ)
16: 3 (ЧЕТВЁРТЫЙ)
17: 0 (КРАСНЫЙ)
18: 1 (СИНИЙ)
19: 2 (ЗЕЛЁНЫЙ)
20: 3 (ЧЕТВЁРТЫЙ)
21: 1 (СИНИЙ)
22: 0 (КРАСНЫЙ)
23: 1 (СИНИЙ)
24: 1 (СИНИЙ)
25: 1 (СИНИЙ)
26: 2 (ЗЕЛЁНЫЙ)
27: 3 (ЧЕТВЁРТЫЙ)
28: 2 (ЗЕЛЁНЫЙ)
29: 3 (ЧЕТВЁРТЫЙ)
30: 1 (СИНИЙ)
31: 0 (КРАСНЫЙ)
32: 0 (КРАСНЫЙ)
33: 0 (КРАСНЫЙ)
34: 0 (КРАСНЫЙ)
35: 0 (КРАСНЫЙ)
36: 2 (ЗЕЛЁНЫЙ)
37: 1 (СИНИЙ)
38: 2 (ЗЕЛЁНЫЙ)
39: 0 (КРАСНЫЙ)
40: 0 (КРАСНЫЙ)
41: 0 (КРАСНЫЙ)
42: 3 (ЧЕТВЁРТЫЙ)
43: 0 (КРАСНЫЙ)
44: 0 (КРАСНЫЙ)
45: 1 (СИНИЙ)
46: 1 (СИНИЙ)
47: 3 (ЧЕТВЁРТЫЙ)
48: 3 (ЧЕТВЁРТЫЙ)
49: 2 (ЗЕЛЁНЫЙ)
50: 2 (ЗЕЛЁНЫЙ)
51: 0 (КРАСНЫЙ)
52: 3 (ЧЕТВЁРТЫЙ)
53: 0 (КРАСНЫЙ)
54: 0 (КРАСНЫЙ)
55: 0 (КРАСНЫЙ)
56: 1 (СИНИЙ)
57: 1 (СИНИЙ)
58: 3 (ЧЕТВЁРТЫЙ)
59: 0 (КРАСНЫЙ)
60: 2 (ЗЕЛЁНЫЙ)
61: 3 (ЧЕТВЁРТЫЙ)
62: 3 (ЧЕТВЁРТЫЙ)
63: 3 (ЧЕТВЁРТЫЙ)
64: 1 (СИНИЙ)
65: 3 (ЧЕТВЁРТЫЙ)
66: 1 (СИНИЙ)
67: 1 (СИНИЙ)
68: 0 (КРАСНЫЙ)
69: 0 (КРАСНЫЙ)
70: 1 (СИНИЙ)
71: 0 (КРАСНЫЙ)
72: 2 (ЗЕЛЁНЫЙ)
73: 2 (ЗЕЛЁНЫЙ)
74: 0 (КРАСНЫЙ)
75: 2 (ЗЕЛЁНЫЙ)
76: 3 (ЧЕТВЁРТЫЙ)
77: 3 (ЧЕТВЁРТЫЙ)
78: 3 (ЧЕТВЁРТЫЙ)
79: 3 (ЧЕТВЁРТЫЙ)
80: 2 (ЗЕЛЁНЫЙ)
81: 1 (СИНИЙ)
82: 2 (ЗЕЛЁНЫЙ)
83: 1 (СИНИЙ)
84: 3 (ЧЕТВЁРТЫЙ)
85: 2 (ЗЕЛЁНЫЙ)
86: 3 (ЧЕТВЁРТЫЙ)
87: 3 (ЧЕТВЁРТЫЙ)
88: 1 (СИНИЙ)
89: 1 (СИНИЙ)
90: 2 (ЗЕЛЁНЫЙ)
91: 2 (ЗЕЛЁНЫЙ)
92: 2 (ЗЕЛЁНЫЙ)
93: 0 (КРАСНЫЙ)
94: 2 (ЗЕЛЁНЫЙ)
95: 3 (ЧЕТВЁРТЫЙ)
96: 2 (ЗЕЛЁНЫЙ)
97: 0 (КРАСНЫЙ)
98: 1 (СИНИЙ)
99: 3 (ЧЕТВЁРТЫЙ)

================================================================================
РЕЗУЛЬТАТ ПРОВЕРКИ
================================================================================
Всего рёбер: 294
Проверено рёбер: 294
Конфликты: НЕТ
OK: КОНФЛИКТОВ НЕТ! Раскраска корректна.
