Лог-файл раскраски графа
Граф: graph_100_018
Дата: 2026-09-21 10:09:56
Статус: УСПЕШНО
Время выполнения: 13.73 секунд
================================================================================

Загружен граф: 100 вершин, 294 рёбер
Имя графа: graph_100_018
Файл: graphs100\graph_100_018.json

================================================================================
ГРАФ
================================================================================
Всего вершин: 100
Всего рёбер: 294

Вершины:
0
1
2
3
4
5
6
7
8
9
10
11
12
13
14
15
16
17
18
19
20
21
22
23
24
25
26
27
28
29
30
31
32
33
34
35
36
37
38
39
40
41
42
43
44
45
46
47
48
49
50
51
52
53
54
55
56
57
58
59
60
61
62
63
64
65
66
67
68
69
70
71
72
73
74
75
76
77
78
79
80
81
82
83
84
85
86
87
88
89
90
91
92
93
94
95
96
97
98
99

Рёбра:
0 10
0 50
0 56
0 65
0 80
0 90
0 92
1 23
1 36
1 49
1 62
2 28
2 34
2 41
2 48
2 82
3 31
3 72
3 75
3 83
3 84
3 88
3 89
4 24
4 44
4 71
4 78
5 8
5 30
5 40
5 70
5 89
6 35
6 49
6 57
6 62
6 78
7 22
7 44
7 46
7 47
7 98
8 30
8 85
8 89
9 39
9 55
9 61
9 79
9 81
9 86
9 93
9 97
10 49
10 56
10 68
10 80
11 28
11 30
11 48
11 69
11 72
11 76
11 85
12 26
12 39
12 60
12 88
13 32
13 51
13 64
13 81
13 93
14 16
14 26
14 39
14 55
15 38
15 47
15 66
15 71
15 98
16 25
16 26
16 55
16 58
16 77
16 87
16 96
17 21
17 29
17 37
17 56
17 68
17 91
18 28
18 41
18 54
18 69
18 90
19 32
19 51
19 52
19 54
19 59
19 65
20 22
20 42
20 60
20 61
20 67
20 79
21 37
21 78
21 91
21 95
22 24
22 27
22 44
22 46
22 47
22 60
22 61
22 78
23 27
23 36
23 62
23 83
23 94
24 44
24 78
25 55
25 64
25 77
25 81
25 87
26 39
26 58
26 88
27 57
27 60
27 62
27 78
27 83
27 88
28 41
28 48
28 69
29 33
29 37
29 56
29 74
30 69
30 70
30 85
31 58
31 75
31 88
31 99
32 51
32 54
32 64
32 69
33 37
33 66
33 74
33 95
34 41
34 53
34 73
34 76
34 82
34 83
34 92
34 94
35 49
35 68
35 78
35 91
36 49
36 53
36 73
36 80
36 94
37 95
38 45
38 47
38 66
38 74
39 42
39 55
39 60
39 67
39 79
40 70
40 75
40 87
40 89
40 99
41 90
41 92
42 67
42 79
43 45
43 52
43 63
43 74
43 86
43 97
44 46
44 71
44 98
45 47
45 74
45 97
47 61
47 97
47 98
48 76
48 82
49 62
49 68
49 80
50 54
50 65
50 90
51 59
51 63
51 93
52 56
52 59
52 63
52 65
52 74
53 73
53 94
54 65
54 69
54 90
55 81
56 65
56 68
56 74
57 62
57 78
58 88
58 96
58 99
59 63
60 67
60 88
61 79
61 97
63 86
63 93
64 69
64 70
64 81
64 87
66 71
66 74
66 95
68 91
69 70
70 87
71 78
71 95
71 98
72 76
72 84
72 85
72 89
73 80
73 92
75 89
75 99
76 82
76 83
76 84
77 87
78 91
78 95
80 92
81 93
83 84
83 88
83 94
85 89
86 93
86 97
87 96
87 99
90 92
96 99

================================================================================
РАСКРАСКА ПО ВЕРШИНАМ
================================================================================
0: 3 (ЧЕТВЁРТЫЙ)
1: 0 (КРАСНЫЙ)
2: 0 (КРАСНЫЙ)
3: 0 (КРАСНЫЙ)
4: 0 (КРАСНЫЙ)
5: 1 (СИНИЙ)
6: 0 (КРАСНЫЙ)
7: 0 (КРАСНЫЙ)
8: 0 (КРАСНЫЙ)
9: 0 (КРАСНЫЙ)
10: 0 (КРАСНЫЙ)
11: 0 (КРАСНЫЙ)
12: 0 (КРАСНЫЙ)
13: 0 (КРАСНЫЙ)
14: 0 (КРАСНЫЙ)
15: 0 (КРАСНЫЙ)
16: 3 (ЧЕТВЁРТЫЙ)
17: 3 (ЧЕТВЁРТЫЙ)
18: 0 (КРАСНЫЙ)
19: 0 (КРАСНЫЙ)
20: 3 (ЧЕТВЁРТЫЙ)
21: 1 (СИНИЙ)
22: 2 (ЗЕЛЁНЫЙ)
23: 3 (ЧЕТВЁРТЫЙ)
24: 1 (СИНИЙ)
25: 0 (КРАСНЫЙ)
26: 1 (СИНИЙ)
27: 0 (КРАСНЫЙ)
28: 3 (ЧЕТВЁРТЫЙ)
29: 0 (КРАСНЫЙ)
30: 3 (ЧЕТВЁРТЫЙ)
31: 2 (ЗЕЛЁНЫЙ)
32: 2 (ЗЕЛЁНЫЙ)
33: 1 (СИНИЙ)
34: 1 (СИНИЙ)
35: 1 (СИНИЙ)
36: 1 (СИНИЙ)
37: 2 (ЗЕЛЁНЫЙ)
38: 1 (СИНИЙ)
39: 3 (ЧЕТВЁРТЫЙ)
40: 0 (КРАСНЫЙ)
41: 2 (ЗЕЛЁНЫЙ)
42: 0 (КРАСНЫЙ)
43: 1 (СИНИЙ)
44: 3 (ЧЕТВЁРТЫЙ)
45: 0 (КРАСНЫЙ)
46: 1 (СИНИЙ)
47: 3 (ЧЕТВЁРТЫЙ)
48: 1 (СИНИЙ)
49: 3 (ЧЕТВЁРТЫЙ)
50: 0 (КРАСНЫЙ)
51: 3 (ЧЕТВЁРТЫЙ)
52: 3 (ЧЕТВЁРТЫЙ)
53: 2 (ЗЕЛЁНЫЙ)
54: 3 (ЧЕТВЁРТЫЙ)
55: 2 (ЗЕЛЁНЫЙ)
56: 1 (СИНИЙ)
57: 1 (СИНИЙ)
58: 0 (КРАСНЫЙ)
59: 1 (СИНИЙ)
60: 1 (СИНИЙ)
61: 1 (СИНИЙ)
62: 2 (ЗЕЛЁНЫЙ)
63: 0 (КРАСНЫЙ)
64: 3 (ЧЕТВЁРТЫЙ)
65: 2 (ЗЕЛЁНЫЙ)
66: 3 (ЧЕТВЁРТЫЙ)
67: 2 (ЗЕЛЁНЫЙ)
68: 2 (ЗЕЛЁНЫЙ)
69: 1 (СИНИЙ)
70: 2 (ЗЕЛЁНЫЙ)
71: 1 (СИНИЙ)
72: 2 (ЗЕЛЁНЫЙ)
73: 3 (ЧЕТВЁРТЫЙ)
74: 2 (ЗЕЛЁНЫЙ)
75: 1 (СИНИЙ)
76: 3 (ЧЕТВЁРТЫЙ)
77: 2 (ЗЕЛЁНЫЙ)
78: 3 (ЧЕТВЁРТЫЙ)
79: 2 (ЗЕЛЁНЫЙ)
80: 2 (ЗЕЛЁНЫЙ)
81: 1 (СИНИЙ)
82: 2 (ЗЕЛЁНЫЙ)
83: 2 (ЗЕЛЁНЫЙ)
84: 1 (СИНИЙ)
85: 1 (СИНИЙ)
86: 3 (ЧЕТВЁРТЫЙ)
87: 1 (СИНИЙ)
88: 3 (ЧЕТВЁРТЫЙ)
89: 3 (ЧЕТВЁРТЫЙ)
90: 1 (СИНИЙ)
91: 0 (КРАСНЫЙ)
92: 0 (КРАСНЫЙ)
93: 2 (ЗЕЛЁНЫЙ)
94: 0 (КРАСНЫЙ)
95: 0 (КРАСНЫЙ)
96: 2 (ЗЕЛЁНЫЙ)
97: 2 (ЗЕЛЁНЫЙ)
98: 2 (ЗЕЛЁНЫЙ)
99: 3 (ЧЕТВЁРТЫЙ)

================================================================================
РЕЗУЛЬТАТ ПРОВЕРКИ
================================================================================
Всего рёбер: 294
Проверено рёбер: 294
Конфликты: НЕТ
OK: КОНФЛИКТОВ НЕТ! Раскраска корректна.
