Лог-файл раскраски графа
Граф: graph_100_089
Дата: 2026-09-21 10:37:01
Статус: УСПЕШНО
Время выполнения: 11.16 секунд
================================================================================

Загружен граф: 100 вершин, 294 рёбер
Имя графа: graph_100_089
Файл: graphs100\graph_100_089.json

================================================================================
ГРАФ
================================================================================
Всего вершин: 100
Всего рёбер: 294

Вершины:
0
1
2
3
4
5
6
7
8
9
10
11
12
13
14
15
16
17
18
19
20
21
22
23
24
25
26
27
28
29
30
31
32
33
34
35
36
37
38
39
40
41
42
43
44
45
46
47
48
49
50
51
52
53
54
55
56
57
58
59
60
61
62
63
64
65
66
67
68
69
70
71
72
73
74
75
76
77
78
79
80
81
82
83
84
85
86
87
88
89
90
91
92
93
94
95
96
97
98
99

Рёбра:
0 22
0 63
0 77
0 78
0 84
1 15
1 16
1 17
1 25
1 34
1 43
1 96
2 10
2 17
2 25
2 30
2 67
2 78
3 4
3 7
3 18
3 37
3 59
3 87
3 94
4 7
4 38
4 59
4 66
5 14
5 39
5 51
5 60
5 69
5 73
6 74
6 83
6 86
6 95
7 38
7 54
7 94
8 9
8 10
8 12
8 30
8 49
8 84
9 12
9 30
9 67
9 99
10 30
10 78
10 84
11 32
11 33
11 41
11 70
11 79
11 97
12 21
12 39
12 49
12 73
12 99
13 18
13 23
13 26
13 76
13 98
14 24
14 47
14 51
14 58
14 68
14 69
15 25
15 52
15 78
15 96
16 17
16 34
16 43
16 48
16 80
16 89
17 25
17 43
17 48
17 67
17 81
18 23
18 26
18 59
18 61
18 82
18 87
19 44
19 45
19 75
20 52
20 53
20 56
20 63
20 76
20 92
20 96
21 73
21 91
21 93
21 99
22 49
22 53
22 57
22 63
22 84
22 85
23 27
23 36
23 61
23 85
23 98
24 35
24 39
24 40
24 49
24 57
24 58
24 68
25 78
26 37
26 76
26 87
27 36
27 42
27 57
27 72
27 85
28 38
28 54
28 80
28 89
29 67
29 91
29 99
30 67
31 32
31 35
31 40
31 42
31 72
31 90
31 97
32 33
32 55
32 70
32 90
32 97
33 41
33 44
33 55
33 71
34 54
34 56
34 80
34 96
35 40
35 46
35 68
35 90
36 42
36 61
36 79
37 76
37 87
37 92
37 94
38 54
38 66
38 81
38 83
38 89
39 49
39 58
39 60
39 73
40 57
40 72
41 62
41 71
41 79
42 72
42 79
42 97
44 45
44 50
44 55
44 71
44 75
44 88
45 50
45 65
45 75
45 83
45 95
46 47
46 64
46 68
46 90
47 64
47 68
47 69
48 81
48 89
49 57
49 84
50 65
50 88
51 58
51 60
52 63
52 77
52 78
52 96
53 63
53 76
53 85
53 98
54 56
54 80
54 94
55 64
55 69
55 75
55 90
56 92
56 94
56 96
57 72
57 85
58 60
59 66
59 82
61 62
61 65
61 79
61 82
62 65
62 71
62 79
62 88
63 77
64 69
64 90
65 82
65 88
65 95
66 74
66 82
66 83
66 86
67 69
67 81
67 83
67 91
67 99
69 73
69 75
69 83
69 91
69 93
70 97
71 88
73 93
74 83
74 86
75 83
76 92
76 98
77 78
78 84
79 97
80 89
81 83
81 89
82 86
82 95
83 95
85 98
86 95
91 93
91 99
92 94

================================================================================
РАСКРАСКА ПО ВЕРШИНАМ
================================================================================
0: 0 (КРАСНЫЙ)
1: 2 (ЗЕЛЁНЫЙ)
2: 3 (ЧЕТВЁРТЫЙ)
3: 3 (ЧЕТВЁРТЫЙ)
4: 0 (КРАСНЫЙ)
5: 1 (СИНИЙ)
6: 0 (КРАСНЫЙ)
7: 1 (СИНИЙ)
8: 3 (ЧЕТВЁРТЫЙ)
9: 0 (КРАСНЫЙ)
10: 0 (КРАСНЫЙ)
11: 0 (КРАСНЫЙ)
12: 1 (СИНИЙ)
13: 0 (КРАСНЫЙ)
14: 0 (КРАСНЫЙ)
15: 0 (КРАСНЫЙ)
16: 3 (ЧЕТВЁРТЫЙ)
17: 0 (КРАСНЫЙ)
18: 1 (СИНИЙ)
19: 1 (СИНИЙ)
20: 0 (КРАСНЫЙ)
21: 2 (ЗЕЛЁНЫЙ)
22: 3 (ЧЕТВЁРТЫЙ)
23: 2 (ЗЕЛЁНЫЙ)
24: 1 (СИНИЙ)
25: 1 (СИНИЙ)
26: 3 (ЧЕТВЁРТЫЙ)
27: 3 (ЧЕТВЁРТЫЙ)
28: 0 (КРАСНЫЙ)
29: 1 (СИНИЙ)
30: 1 (СИНИЙ)
31: 0 (КРАСНЫЙ)
32: 1 (СИНИЙ)
33: 2 (ЗЕЛЁНЫЙ)
34: 0 (КРАСНЫЙ)
35: 2 (ЗЕЛЁНЫЙ)
36: 0 (КРАСНЫЙ)
37: 0 (КРАСНЫЙ)
38: 2 (ЗЕЛЁНЫЙ)
39: 3 (ЧЕТВЁРТЫЙ)
40: 3 (ЧЕТВЁРТЫЙ)
41: 3 (ЧЕТВЁРТЫЙ)
42: 2 (ЗЕЛЁНЫЙ)
43: 1 (СИНИЙ)
44: 3 (ЧЕТВЁРТЫЙ)
45: 0 (КРАСНЫЙ)
46: 0 (КРАСНЫЙ)
47: 1 (СИНИЙ)
48: 2 (ЗЕЛЁНЫЙ)
49: 0 (КРАСНЫЙ)
50: 2 (ЗЕЛЁНЫЙ)
51: 3 (ЧЕТВЁРТЫЙ)
52: 1 (СИНИЙ)
53: 1 (СИНИЙ)
54: 3 (ЧЕТВЁРТЫЙ)
55: 0 (КРАСНЫЙ)
56: 1 (СИНИЙ)
57: 2 (ЗЕЛЁНЫЙ)
58: 2 (ЗЕЛЁНЫЙ)
59: 2 (ЗЕЛЁНЫЙ)
60: 0 (КРАСНЫЙ)
61: 3 (ЧЕТВЁРТЫЙ)
62: 2 (ЗЕЛЁНЫЙ)
63: 2 (ЗЕЛЁНЫЙ)
64: 2 (ЗЕЛЁНЫЙ)
65: 1 (СИНИЙ)
66: 3 (ЧЕТВЁРТЫЙ)
67: 2 (ЗЕЛЁНЫЙ)
68: 3 (ЧЕТВЁРТЫЙ)
69: 3 (ЧЕТВЁРТЫЙ)
70: 2 (ЗЕЛЁНЫЙ)
71: 1 (СИНИЙ)
72: 1 (СИНИЙ)
73: 0 (КРАСНЫЙ)
74: 2 (ЗЕЛЁНЫЙ)
75: 2 (ЗЕЛЁНЫЙ)
76: 2 (ЗЕЛЁНЫЙ)
77: 3 (ЧЕТВЁРТЫЙ)
78: 2 (ЗЕЛЁНЫЙ)
79: 1 (СИНИЙ)
80: 2 (ЗЕЛЁНЫЙ)
81: 3 (ЧЕТВЁРТЫЙ)
82: 0 (КРАСНЫЙ)
83: 1 (СИНИЙ)
84: 1 (СИНИЙ)
85: 0 (КРАСНЫЙ)
86: 1 (СИНИЙ)
87: 2 (ЗЕЛЁНЫЙ)
88: 0 (КРАСНЫЙ)
89: 1 (СИНИЙ)
90: 3 (ЧЕТВЁРТЫЙ)
91: 0 (КРАСНЫЙ)
92: 3 (ЧЕТВЁРТЫЙ)
93: 1 (СИНИЙ)
94: 2 (ЗЕЛЁНЫЙ)
95: 3 (ЧЕТВЁРТЫЙ)
96: 3 (ЧЕТВЁРТЫЙ)
97: 3 (ЧЕТВЁРТЫЙ)
98: 3 (ЧЕТВЁРТЫЙ)
99: 3 (ЧЕТВЁРТЫЙ)

================================================================================
РЕЗУЛЬТАТ ПРОВЕРКИ
================================================================================
Всего рёбер: 294
Проверено рёбер: 294
Конфликты: НЕТ
OK: КОНФЛИКТОВ НЕТ! Раскраска корректна.
