Лог-файл раскраски графа
Граф: graph_100_046
Дата: 2026-09-21 10:18:46
Статус: УСПЕШНО
Время выполнения: 12.08 секунд
================================================================================

Загружен граф: 100 вершин, 294 рёбер
Имя графа: graph_100_046
Файл: graphs100\graph_100_046.json

================================================================================
ГРАФ
================================================================================
Всего вершин: 100
Всего рёбер: 294

Вершины:
0
1
2
3
4
5
6
7
8
9
10
11
12
13
14
15
16
17
18
19
20
21
22
23
24
25
26
27
28
29
30
31
32
33
34
35
36
37
38
39
40
41
42
43
44
45
46
47
48
49
50
51
52
53
54
55
56
57
58
59
60
61
62
63
64
65
66
67
68
69
70
71
72
73
74
75
76
77
78
79
80
81
82
83
84
85
86
87
88
89
90
91
92
93
94
95
96
97
98
99

Рёбра:
0 41
0 48
0 59
0 81
0 88
0 93
1 2
1 8
1 29
1 30
1 36
1 60
1 69
1 73
1 84
2 12
2 16
2 17
2 19
2 30
2 34
2 84
3 11
3 32
3 52
3 54
3 78
4 7
4 33
4 41
4 59
5 27
5 38
5 39
5 43
5 66
5 85
6 9
6 55
6 60
6 69
6 76
6 80
7 33
7 41
7 44
7 97
7 98
8 21
8 25
8 29
8 50
8 73
8 99
9 40
9 69
9 76
9 82
9 96
10 11
10 15
10 18
10 22
10 54
10 66
10 67
10 86
11 52
11 54
11 67
12 16
12 19
12 20
13 14
13 27
13 31
13 43
13 53
13 56
13 89
14 24
14 36
14 52
14 53
14 56
14 64
14 68
14 77
15 22
15 67
15 72
16 20
16 30
17 19
17 34
17 55
17 83
17 88
17 91
18 23
18 57
18 66
18 74
18 86
19 20
19 25
19 54
19 79
19 83
19 87
20 25
20 30
20 99
21 25
21 50
21 75
22 72
22 86
23 26
23 45
23 56
23 72
23 74
23 86
23 92
24 52
24 64
24 78
24 94
25 32
25 54
25 75
25 90
25 99
26 57
26 70
26 74
26 92
27 38
27 43
27 89
28 51
28 61
28 65
28 66
28 85
28 95
29 36
29 47
29 50
29 64
30 73
30 99
31 37
31 38
31 53
31 82
31 89
32 54
32 78
32 90
32 94
33 44
33 59
33 63
33 71
34 55
34 84
35 37
35 41
35 42
35 48
35 58
35 97
36 64
36 68
36 69
36 96
37 38
37 42
37 58
37 82
38 39
38 49
38 58
38 89
39 46
39 49
39 51
39 61
39 62
39 85
39 98
40 53
40 82
40 96
41 48
41 59
41 97
42 48
42 76
42 80
42 82
42 91
42 93
43 56
43 57
43 66
43 70
44 62
44 63
44 98
45 56
45 70
45 92
46 51
46 85
47 50
47 64
47 75
47 90
48 93
49 58
49 97
49 98
50 75
51 61
51 85
52 56
52 67
52 78
53 77
53 82
53 96
54 66
54 79
55 60
55 80
55 84
55 91
56 67
56 70
56 72
57 66
57 70
57 74
58 97
59 71
59 83
59 88
60 69
60 84
61 62
61 63
61 95
62 63
62 98
63 65
63 71
63 95
64 90
64 94
65 66
65 71
65 79
65 95
66 79
66 85
67 72
68 77
68 96
69 96
70 92
71 79
71 83
71 87
72 86
73 99
75 90
76 80
76 82
77 96
78 94
79 87
80 91
81 88
81 91
81 93
83 87
83 88
88 91
90 94
91 93
97 98

================================================================================
РАСКРАСКА ПО ВЕРШИНАМ
================================================================================
0: 2 (ЗЕЛЁНЫЙ)
1: 3 (ЧЕТВЁРТЫЙ)
2: 1 (СИНИЙ)
3: 3 (ЧЕТВЁРТЫЙ)
4: 2 (ЗЕЛЁНЫЙ)
5: 0 (КРАСНЫЙ)
6: 0 (КРАСНЫЙ)
7: 0 (КРАСНЫЙ)
8: 0 (КРАСНЫЙ)
9: 1 (СИНИЙ)
10: 0 (КРАСНЫЙ)
11: 1 (СИНИЙ)
12: 0 (КРАСНЫЙ)
13: 0 (КРАСНЫЙ)
14: 3 (ЧЕТВЁРТЫЙ)
15: 1 (СИНИЙ)
16: 3 (ЧЕТВЁРТЫЙ)
17: 0 (КРАСНЫЙ)
18: 1 (СИНИЙ)
19: 3 (ЧЕТВЁРТЫЙ)
20: 2 (ЗЕЛЁНЫЙ)
21: 3 (ЧЕТВЁРТЫЙ)
22: 3 (ЧЕТВЁРТЫЙ)
23: 3 (ЧЕТВЁРТЫЙ)
24: 0 (КРАСНЫЙ)
25: 1 (СИНИЙ)
26: 1 (СИНИЙ)
27: 3 (ЧЕТВЁРТЫЙ)
28: 0 (КРАСНЫЙ)
29: 2 (ЗЕЛЁНЫЙ)
30: 0 (КРАСНЫЙ)
31: 3 (ЧЕТВЁРТЫЙ)
32: 0 (КРАСНЫЙ)
33: 1 (СИНИЙ)
34: 2 (ЗЕЛЁНЫЙ)
35: 2 (ЗЕЛЁНЫЙ)
36: 0 (КРАСНЫЙ)
37: 1 (СИНИЙ)
38: 2 (ЗЕЛЁНЫЙ)
39: 3 (ЧЕТВЁРТЫЙ)
40: 0 (КРАСНЫЙ)
41: 3 (ЧЕТВЁРТЫЙ)
42: 0 (КРАСНЫЙ)
43: 2 (ЗЕЛЁНЫЙ)
44: 3 (ЧЕТВЁРТЫЙ)
45: 0 (КРАСНЫЙ)
46: 0 (КРАСНЫЙ)
47: 3 (ЧЕТВЁРТЫЙ)
48: 1 (СИНИЙ)
49: 0 (КРАСНЫЙ)
50: 1 (СИНИЙ)
51: 2 (ЗЕЛЁНЫЙ)
52: 2 (ЗЕЛЁНЫЙ)
53: 1 (СИНИЙ)
54: 2 (ЗЕЛЁНЫЙ)
55: 3 (ЧЕТВЁРТЫЙ)
56: 1 (СИНИЙ)
57: 0 (КРАСНЫЙ)
58: 3 (ЧЕТВЁРТЫЙ)
59: 0 (КРАСНЫЙ)
60: 1 (СИНИЙ)
61: 1 (СИНИЙ)
62: 0 (КРАСНЫЙ)
63: 2 (ЗЕЛЁНЫЙ)
64: 1 (СИНИЙ)
65: 1 (СИНИЙ)
66: 3 (ЧЕТВЁРТЫЙ)
67: 3 (ЧЕТВЁРТЫЙ)
68: 1 (СИНИЙ)
69: 2 (ЗЕЛЁНЫЙ)
70: 3 (ЧЕТВЁРТЫЙ)
71: 3 (ЧЕТВЁРТЫЙ)
72: 0 (КРАСНЫЙ)
73: 1 (СИНИЙ)
74: 2 (ЗЕЛЁНЫЙ)
75: 0 (КРАСНЫЙ)
76: 3 (ЧЕТВЁРТЫЙ)
77: 0 (КРАСНЫЙ)
78: 1 (СИНИЙ)
79: 0 (КРАСНЫЙ)
80: 1 (СИНИЙ)
81: 0 (КРАСНЫЙ)
82: 2 (ЗЕЛЁНЫЙ)
83: 1 (СИНИЙ)
84: 0 (КРАСНЫЙ)
85: 1 (СИНИЙ)
86: 2 (ЗЕЛЁНЫЙ)
87: 2 (ЗЕЛЁНЫЙ)
88: 3 (ЧЕТВЁРТЫЙ)
89: 1 (СИНИЙ)
90: 2 (ЗЕЛЁНЫЙ)
91: 2 (ЗЕЛЁНЫЙ)
92: 2 (ЗЕЛЁНЫЙ)
93: 3 (ЧЕТВЁРТЫЙ)
94: 3 (ЧЕТВЁРТЫЙ)
95: 3 (ЧЕТВЁРТЫЙ)
96: 3 (ЧЕТВЁРТЫЙ)
97: 1 (СИНИЙ)
98: 2 (ЗЕЛЁНЫЙ)
99: 3 (ЧЕТВЁРТЫЙ)

================================================================================
РЕЗУЛЬТАТ ПРОВЕРКИ
================================================================================
Всего рёбер: 294
Проверено рёбер: 294
Конфликты: НЕТ
OK: КОНФЛИКТОВ НЕТ! Раскраска корректна.
