Лог-файл раскраски графа
Граф: graph_100_051
Дата: 2026-09-21 10:21:19
Статус: УСПЕШНО
Время выполнения: 16.20 секунд
================================================================================

Загружен граф: 100 вершин, 294 рёбер
Имя графа: graph_100_051
Файл: graphs100\graph_100_051.json

================================================================================
ГРАФ
================================================================================
Всего вершин: 100
Всего рёбер: 294

Вершины:
0
1
2
3
4
5
6
7
8
9
10
11
12
13
14
15
16
17
18
19
20
21
22
23
24
25
26
27
28
29
30
31
32
33
34
35
36
37
38
39
40
41
42
43
44
45
46
47
48
49
50
51
52
53
54
55
56
57
58
59
60
61
62
63
64
65
66
67
68
69
70
71
72
73
74
75
76
77
78
79
80
81
82
83
84
85
86
87
88
89
90
91
92
93
94
95
96
97
98
99

Рёбра:
0 28
0 48
0 50
0 57
0 59
0 69
1 17
1 29
1 54
1 66
1 75
1 90
1 99
2 17
2 22
2 41
2 49
2 79
2 81
2 97
3 18
3 27
3 33
3 46
3 70
4 38
4 39
4 88
4 93
5 25
5 27
5 31
5 70
5 76
6 23
6 36
6 44
6 48
6 59
6 85
7 9
7 32
7 67
7 86
8 14
8 24
8 25
8 30
8 70
8 95
9 28
9 44
9 60
9 67
9 85
9 86
10 13
10 16
10 26
10 34
10 45
10 55
10 74
10 92
11 12
11 45
11 90
11 92
11 99
12 45
12 47
12 66
12 90
12 91
13 16
13 55
13 73
13 79
13 96
14 24
14 30
14 36
14 61
15 23
15 36
15 72
15 88
15 93
16 26
16 51
16 62
16 73
17 22
17 29
17 49
17 99
18 27
18 33
18 42
18 43
18 78
18 87
19 20
19 29
19 41
19 97
20 29
20 37
20 43
20 89
20 97
21 40
21 50
21 58
21 69
21 94
22 29
22 41
23 36
23 48
23 88
23 94
24 36
24 60
24 85
24 95
25 31
25 70
25 95
26 34
26 35
26 51
26 83
27 42
27 53
27 70
27 76
28 32
28 44
28 57
28 59
28 63
28 86
29 37
29 41
29 75
29 98
30 46
30 56
30 61
30 70
31 32
31 42
31 63
31 76
31 95
32 63
32 67
32 86
32 95
33 46
33 54
33 56
33 78
34 35
34 74
34 80
34 91
35 77
35 80
35 82
35 83
36 61
36 72
36 85
37 43
37 98
38 39
38 47
38 61
38 66
38 71
38 72
38 93
39 47
39 88
39 91
40 52
40 57
40 58
40 69
41 97
42 43
42 53
42 63
42 76
43 63
43 87
43 89
43 98
44 59
44 85
45 74
45 91
45 92
46 56
46 70
47 66
47 91
48 50
48 59
48 94
49 81
49 99
50 69
50 94
51 62
51 83
52 57
52 58
53 76
54 56
54 66
54 71
54 75
54 78
54 98
55 64
55 79
55 81
55 92
56 61
56 71
57 58
57 63
57 69
58 63
58 68
58 77
58 79
58 82
58 84
58 94
58 96
58 97
60 67
60 85
60 95
61 71
61 72
62 65
62 73
62 77
62 83
63 89
63 97
64 81
64 92
64 99
65 73
65 77
65 84
66 71
66 90
67 95
68 80
68 82
68 88
68 94
72 93
73 84
73 96
74 91
75 98
77 82
77 83
77 84
78 87
78 98
79 81
79 96
79 97
80 82
80 88
80 91
81 99
84 96
87 98
88 91
88 93
88 94
89 97
90 99
92 99

================================================================================
РАСКРАСКА ПО ВЕРШИНАМ
================================================================================
0: 0 (КРАСНЫЙ)
1: 2 (ЗЕЛЁНЫЙ)
2: 3 (ЧЕТВЁРТЫЙ)
3: 3 (ЧЕТВЁРТЫЙ)
4: 0 (КРАСНЫЙ)
5: 2 (ЗЕЛЁНЫЙ)
6: 0 (КРАСНЫЙ)
7: 3 (ЧЕТВЁРТЫЙ)
8: 2 (ЗЕЛЁНЫЙ)
9: 0 (КРАСНЫЙ)
10: 0 (КРАСНЫЙ)
11: 0 (КРАСНЫЙ)
12: 3 (ЧЕТВЁРТЫЙ)
13: 1 (СИНИЙ)
14: 0 (КРАСНЫЙ)
15: 0 (КРАСНЫЙ)
16: 3 (ЧЕТВЁРТЫЙ)
17: 0 (КРАСНЫЙ)
18: 0 (КРАСНЫЙ)
19: 2 (ЗЕЛЁНЫЙ)
20: 0 (КРАСНЫЙ)
21: 0 (КРАСНЫЙ)
22: 1 (СИНИЙ)
23: 1 (СИНИЙ)
24: 1 (СИНИЙ)
25: 1 (СИНИЙ)
26: 1 (СИНИЙ)
27: 1 (СИНИЙ)
28: 3 (ЧЕТВЁРТЫЙ)
29: 3 (ЧЕТВЁРТЫЙ)
30: 3 (ЧЕТВЁРТЫЙ)
31: 3 (ЧЕТВЁРТЫЙ)
32: 1 (СИНИЙ)
33: 1 (СИНИЙ)
34: 3 (ЧЕТВЁРТЫЙ)
35: 0 (КРАСНЫЙ)
36: 3 (ЧЕТВЁРТЫЙ)
37: 1 (СИНИЙ)
38: 3 (ЧЕТВЁРТЫЙ)
39: 2 (ЗЕЛЁНЫЙ)
40: 1 (СИНИЙ)
41: 0 (КРАСНЫЙ)
42: 2 (ЗЕЛЁНЫЙ)
43: 3 (ЧЕТВЁРТЫЙ)
44: 1 (СИНИЙ)
45: 1 (СИНИЙ)
46: 2 (ЗЕЛЁНЫЙ)
47: 1 (СИНИЙ)
48: 3 (ЧЕТВЁРТЫЙ)
49: 1 (СИНИЙ)
50: 1 (СИНИЙ)
51: 0 (КРАСНЫЙ)
52: 0 (КРАСНЫЙ)
53: 3 (ЧЕТВЁРТЫЙ)
54: 3 (ЧЕТВЁРТЫЙ)
55: 3 (ЧЕТВЁРТЫЙ)
56: 0 (КРАСНЫЙ)
57: 2 (ЗЕЛЁНЫЙ)
58: 3 (ЧЕТВЁРТЫЙ)
59: 2 (ЗЕЛЁНЫЙ)
60: 3 (ЧЕТВЁРТЫЙ)
61: 1 (СИНИЙ)
62: 1 (СИНИЙ)
63: 0 (КРАСНЫЙ)
64: 0 (КРАСНЫЙ)
65: 3 (ЧЕТВЁРТЫЙ)
66: 0 (КРАСНЫЙ)
67: 2 (ЗЕЛЁНЫЙ)
68: 0 (КРАСНЫЙ)
69: 3 (ЧЕТВЁРТЫЙ)
70: 0 (КРАСНЫЙ)
71: 2 (ЗЕЛЁНЫЙ)
72: 2 (ЗЕЛЁНЫЙ)
73: 0 (КРАСНЫЙ)
74: 2 (ЗЕЛЁНЫЙ)
75: 1 (СИНИЙ)
76: 0 (КРАСНЫЙ)
77: 2 (ЗЕЛЁНЫЙ)
78: 2 (ЗЕЛЁНЫЙ)
79: 0 (КРАСНЫЙ)
80: 2 (ЗЕЛЁНЫЙ)
81: 2 (ЗЕЛЁНЫЙ)
82: 1 (СИНИЙ)
83: 3 (ЧЕТВЁРТЫЙ)
84: 1 (СИНИЙ)
85: 2 (ЗЕЛЁНЫЙ)
86: 2 (ЗЕЛЁНЫЙ)
87: 1 (СИНИЙ)
88: 3 (ЧЕТВЁРТЫЙ)
89: 2 (ЗЕЛЁНЫЙ)
90: 1 (СИНИЙ)
91: 0 (КРАСНЫЙ)
92: 2 (ЗЕЛЁНЫЙ)
93: 1 (СИНИЙ)
94: 2 (ЗЕЛЁНЫЙ)
95: 0 (КРАСНЫЙ)
96: 2 (ЗЕЛЁНЫЙ)
97: 1 (СИНИЙ)
98: 0 (КРАСНЫЙ)
99: 3 (ЧЕТВЁРТЫЙ)

================================================================================
РЕЗУЛЬТАТ ПРОВЕРКИ
================================================================================
Всего рёбер: 294
Проверено рёбер: 294
Конфликты: НЕТ
OK: КОНФЛИКТОВ НЕТ! Раскраска корректна.
