Лог-файл раскраски графа
Граф: graph_100_065
Дата: 2026-09-21 10:27:17
Статус: УСПЕШНО
Время выполнения: 12.71 секунд
================================================================================

Загружен граф: 100 вершин, 294 рёбер
Имя графа: graph_100_065
Файл: graphs100\graph_100_065.json

================================================================================
ГРАФ
================================================================================
Всего вершин: 100
Всего рёбер: 294

Вершины:
0
1
2
3
4
5
6
7
8
9
10
11
12
13
14
15
16
17
18
19
20
21
22
23
24
25
26
27
28
29
30
31
32
33
34
35
36
37
38
39
40
41
42
43
44
45
46
47
48
49
50
51
52
53
54
55
56
57
58
59
60
61
62
63
64
65
66
67
68
69
70
71
72
73
74
75
76
77
78
79
80
81
82
83
84
85
86
87
88
89
90
91
92
93
94
95
96
97
98
99

Рёбра:
0 10
0 16
0 22
0 34
0 40
0 72
0 76
0 94
0 96
1 2
1 10
1 32
1 43
1 63
1 79
1 97
2 10
2 34
2 43
2 96
3 41
3 51
3 77
3 82
3 83
4 12
4 21
4 31
4 37
4 84
4 99
5 44
5 46
5 54
5 62
5 69
5 75
6 18
6 25
6 35
6 44
6 49
6 69
7 41
7 42
7 55
7 89
7 91
8 11
8 37
8 68
8 70
8 73
9 14
9 64
9 74
9 81
10 34
10 36
10 72
10 97
11 28
11 29
11 37
11 40
11 73
12 16
12 21
12 22
12 99
13 66
13 67
13 89
13 91
13 92
14 56
14 57
14 64
14 74
14 85
15 26
15 41
15 67
15 77
15 82
15 91
16 22
16 40
16 99
17 25
17 44
17 45
17 61
17 71
17 87
18 25
18 35
18 87
18 94
19 23
19 48
19 58
19 66
19 67
19 68
19 98
20 23
20 28
20 47
20 58
20 60
20 98
21 22
21 31
21 43
21 96
22 96
23 58
23 98
24 30
24 33
24 53
24 65
24 80
25 44
25 87
26 77
26 82
27 35
27 49
27 52
27 81
28 29
28 40
28 47
28 60
28 73
29 73
30 39
30 47
30 65
30 80
31 43
31 66
31 84
31 92
32 43
32 45
32 50
32 63
33 53
33 65
33 77
34 96
35 49
35 64
35 81
35 94
36 61
36 71
36 72
36 76
36 87
36 97
37 40
37 66
37 68
37 84
37 99
38 39
38 47
38 48
38 98
39 47
39 48
39 65
40 47
40 85
40 94
40 99
41 51
41 55
41 82
41 90
41 91
42 55
42 59
42 78
42 88
42 89
43 50
43 92
43 93
43 96
44 45
44 46
44 50
44 69
45 50
45 63
45 71
46 50
46 54
46 95
47 53
47 80
47 83
47 85
47 98
48 65
48 67
48 98
49 52
49 69
49 75
49 86
50 93
50 95
51 83
51 90
52 74
52 81
52 86
53 77
53 80
53 83
54 62
54 95
55 57
55 78
55 85
55 90
56 57
56 74
56 78
56 86
57 78
57 85
58 60
58 68
58 70
59 62
59 75
59 88
59 89
59 93
60 70
60 73
61 71
61 87
62 75
62 93
62 95
63 71
63 79
64 81
64 85
64 94
65 67
65 77
66 67
66 68
66 84
66 92
67 77
67 91
68 70
69 75
70 73
71 79
71 97
72 76
74 81
74 86
75 86
75 88
76 87
76 94
77 82
77 83
78 86
78 88
79 97
83 85
83 90
85 90
85 94
86 88
87 94
89 91
89 92
89 93
92 93
93 95

================================================================================
РАСКРАСКА ПО ВЕРШИНАМ
================================================================================
0: 3 (ЧЕТВЁРТЫЙ)
1: 0 (КРАСНЫЙ)
2: 3 (ЧЕТВЁРТЫЙ)
3: 0 (КРАСНЫЙ)
4: 2 (ЗЕЛЁНЫЙ)
5: 0 (КРАСНЫЙ)
6: 0 (КРАСНЫЙ)
7: 0 (КРАСНЫЙ)
8: 2 (ЗЕЛЁНЫЙ)
9: 1 (СИНИЙ)
10: 1 (СИНИЙ)
11: 0 (КРАСНЫЙ)
12: 1 (СИНИЙ)
13: 0 (КРАСНЫЙ)
14: 0 (КРАСНЫЙ)
15: 0 (КРАСНЫЙ)
16: 0 (КРАСНЫЙ)
17: 3 (ЧЕТВЁРТЫЙ)
18: 3 (ЧЕТВЁРТЫЙ)
19: 0 (КРАСНЫЙ)
20: 0 (КРАСНЫЙ)
21: 3 (ЧЕТВЁРТЫЙ)
22: 2 (ЗЕЛЁНЫЙ)
23: 2 (ЗЕЛЁНЫЙ)
24: 1 (СИНИЙ)
25: 1 (СИНИЙ)
26: 3 (ЧЕТВЁРТЫЙ)
27: 0 (КРАСНЫЙ)
28: 3 (ЧЕТВЁРТЫЙ)
29: 2 (ЗЕЛЁНЫЙ)
30: 3 (ЧЕТВЁРТЫЙ)
31: 0 (КРАСНЫЙ)
32: 2 (ЗЕЛЁНЫЙ)
33: 2 (ЗЕЛЁНЫЙ)
34: 2 (ЗЕЛЁНЫЙ)
35: 1 (СИНИЙ)
36: 3 (ЧЕТВЁРТЫЙ)
37: 1 (СИНИЙ)
38: 0 (КРАСНЫЙ)
39: 2 (ЗЕЛЁНЫЙ)
40: 2 (ЗЕЛЁНЫЙ)
41: 3 (ЧЕТВЁРТЫЙ)
42: 3 (ЧЕТВЁРТЫЙ)
43: 1 (СИНИЙ)
44: 2 (ЗЕЛЁНЫЙ)
45: 1 (СИНИЙ)
46: 1 (СИНИЙ)
47: 1 (СИНИЙ)
48: 1 (СИНИЙ)
49: 2 (ЗЕЛЁНЫЙ)
50: 3 (ЧЕТВЁРТЫЙ)
51: 1 (СИНИЙ)
52: 1 (СИНИЙ)
53: 3 (ЧЕТВЁРТЫЙ)
54: 2 (ЗЕЛЁНЫЙ)
55: 1 (СИНИЙ)
56: 1 (СИНИЙ)
57: 2 (ЗЕЛЁНЫЙ)
58: 1 (СИНИЙ)
59: 0 (КРАСНЫЙ)
60: 2 (ЗЕЛЁНЫЙ)
61: 1 (СИНИЙ)
62: 3 (ЧЕТВЁРТЫЙ)
63: 3 (ЧЕТВЁРТЫЙ)
64: 2 (ЗЕЛЁНЫЙ)
65: 0 (КРАСНЫЙ)
66: 2 (ЗЕЛЁНЫЙ)
67: 3 (ЧЕТВЁРТЫЙ)
68: 3 (ЧЕТВЁРТЫЙ)
69: 3 (ЧЕТВЁРТЫЙ)
70: 0 (КРАСНЫЙ)
71: 0 (КРАСНЫЙ)
72: 0 (КРАСНЫЙ)
73: 1 (СИНИЙ)
74: 2 (ЗЕЛЁНЫЙ)
75: 1 (СИНИЙ)
76: 1 (СИНИЙ)
77: 1 (СИНИЙ)
78: 0 (КРАСНЫЙ)
79: 1 (СИНИЙ)
80: 0 (КРАСНЫЙ)
81: 3 (ЧЕТВЁРТЫЙ)
82: 2 (ЗЕЛЁНЫЙ)
83: 2 (ЗЕЛЁНЫЙ)
84: 3 (ЧЕТВЁРТЫЙ)
85: 3 (ЧЕТВЁРТЫЙ)
86: 3 (ЧЕТВЁРТЫЙ)
87: 2 (ЗЕЛЁНЫЙ)
88: 2 (ЗЕЛЁНЫЙ)
89: 1 (СИНИЙ)
90: 0 (КРАСНЫЙ)
91: 2 (ЗЕЛЁНЫЙ)
92: 3 (ЧЕТВЁРТЫЙ)
93: 2 (ЗЕЛЁНЫЙ)
94: 0 (КРАСНЫЙ)
95: 0 (КРАСНЫЙ)
96: 0 (КРАСНЫЙ)
97: 2 (ЗЕЛЁНЫЙ)
98: 3 (ЧЕТВЁРТЫЙ)
99: 3 (ЧЕТВЁРТЫЙ)

================================================================================
РЕЗУЛЬТАТ ПРОВЕРКИ
================================================================================
Всего рёбер: 294
Проверено рёбер: 294
Конфликты: НЕТ
OK: КОНФЛИКТОВ НЕТ! Раскраска корректна.
