Лог-файл раскраски графа
Граф: graph_100_076
Дата: 2026-09-21 10:30:14
Статус: УСПЕШНО
Время выполнения: 12.43 секунд
================================================================================

Загружен граф: 100 вершин, 294 рёбер
Имя графа: graph_100_076
Файл: graphs100\graph_100_076.json

================================================================================
ГРАФ
================================================================================
Всего вершин: 100
Всего рёбер: 294

Вершины:
0
1
2
3
4
5
6
7
8
9
10
11
12
13
14
15
16
17
18
19
20
21
22
23
24
25
26
27
28
29
30
31
32
33
34
35
36
37
38
39
40
41
42
43
44
45
46
47
48
49
50
51
52
53
54
55
56
57
58
59
60
61
62
63
64
65
66
67
68
69
70
71
72
73
74
75
76
77
78
79
80
81
82
83
84
85
86
87
88
89
90
91
92
93
94
95
96
97
98
99

Рёбра:
0 34
0 42
0 46
0 77
1 23
1 27
1 44
1 51
1 62
1 69
2 4
2 9
2 15
2 21
2 33
2 60
3 7
3 13
3 19
3 28
3 39
3 76
4 8
4 21
4 46
4 60
5 14
5 29
5 50
5 72
5 87
5 97
6 11
6 14
6 17
6 50
6 70
6 85
6 88
6 98
7 28
7 58
7 76
7 94
8 15
8 42
8 46
8 60
8 66
9 18
9 21
9 33
9 58
9 94
10 11
10 12
10 17
10 25
10 47
10 55
10 67
10 81
11 12
11 14
11 17
12 14
12 52
12 73
12 81
13 39
13 55
13 64
13 76
13 91
14 50
14 72
14 73
15 33
15 60
15 66
15 77
16 26
16 40
16 48
16 68
16 82
16 86
17 25
17 98
18 19
18 21
18 39
18 52
18 61
18 73
18 91
18 94
19 28
19 39
19 61
20 21
20 41
20 92
20 93
20 96
21 46
21 54
21 72
21 73
21 92
21 93
21 99
22 30
22 32
22 64
22 79
23 44
23 69
23 85
23 88
24 26
24 27
24 37
24 49
24 62
24 71
24 89
25 47
25 98
26 40
26 48
26 62
26 68
26 71
26 84
27 37
27 62
27 65
27 69
28 61
28 94
29 72
29 87
30 32
30 64
30 67
31 53
31 57
31 87
31 97
32 63
32 67
32 77
32 78
32 79
32 80
33 58
33 77
34 46
34 63
34 77
34 92
35 36
35 38
35 41
35 54
35 96
35 99
36 38
36 43
36 54
36 56
36 84
37 38
37 49
37 65
37 74
38 41
38 49
38 56
38 74
39 91
40 48
41 74
41 75
41 92
41 96
42 46
42 66
42 77
43 45
43 56
43 84
43 89
44 51
44 59
44 83
44 85
44 95
45 49
45 56
45 89
46 92
47 67
47 78
47 98
48 51
48 62
48 82
49 56
49 89
50 57
50 70
50 95
50 97
51 59
51 62
51 82
52 73
52 81
52 91
53 57
53 82
53 83
53 87
54 72
54 84
54 86
54 87
54 99
55 64
55 67
55 81
55 91
57 83
57 95
57 97
58 76
58 77
58 79
58 94
59 82
59 83
61 94
63 77
63 80
63 92
64 67
64 76
64 79
65 69
65 74
65 75
65 88
65 90
66 77
67 78
68 84
68 86
69 88
70 85
70 95
71 84
71 89
72 73
72 87
74 75
75 90
75 92
76 79
77 79
78 80
78 88
78 98
80 88
80 90
80 92
81 91
82 83
82 86
82 87
83 95
84 86
84 89
85 88
85 95
86 87
87 97
88 90
88 98
90 92
93 96
93 99
96 99

================================================================================
РАСКРАСКА ПО ВЕРШИНАМ
================================================================================
0: 1 (СИНИЙ)
1: 0 (КРАСНЫЙ)
2: 3 (ЧЕТВЁРТЫЙ)
3: 3 (ЧЕТВЁРТЫЙ)
4: 0 (КРАСНЫЙ)
5: 2 (ЗЕЛЁНЫЙ)
6: 2 (ЗЕЛЁНЫЙ)
7: 0 (КРАСНЫЙ)
8: 1 (СИНИЙ)
9: 0 (КРАСНЫЙ)
10: 0 (КРАСНЫЙ)
11: 1 (СИНИЙ)
12: 3 (ЧЕТВЁРТЫЙ)
13: 0 (КРАСНЫЙ)
14: 0 (КРАСНЫЙ)
15: 0 (КРАСНЫЙ)
16: 1 (СИНИЙ)
17: 3 (ЧЕТВЁРТЫЙ)
18: 3 (ЧЕТВЁРТЫЙ)
19: 1 (СИНИЙ)
20: 3 (ЧЕТВЁРТЫЙ)
21: 1 (СИНИЙ)
22: 1 (СИНИЙ)
23: 2 (ЗЕЛЁНЫЙ)
24: 0 (КРАСНЫЙ)
25: 1 (СИНИЙ)
26: 3 (ЧЕТВЁРТЫЙ)
27: 3 (ЧЕТВЁРТЫЙ)
28: 2 (ЗЕЛЁНЫЙ)
29: 0 (КРАСНЫЙ)
30: 0 (КРАСНЫЙ)
31: 2 (ЗЕЛЁНЫЙ)
32: 3 (ЧЕТВЁРТЫЙ)
33: 1 (СИНИЙ)
34: 0 (КРАСНЫЙ)
35: 1 (СИНИЙ)
36: 0 (КРАСНЫЙ)
37: 1 (СИНИЙ)
38: 3 (ЧЕТВЁРТЫЙ)
39: 2 (ЗЕЛЁНЫЙ)
40: 2 (ЗЕЛЁНЫЙ)
41: 0 (КРАСНЫЙ)
42: 0 (КРАСНЫЙ)
43: 2 (ЗЕЛЁНЫЙ)
44: 3 (ЧЕТВЁРТЫЙ)
45: 0 (КРАСНЫЙ)
46: 3 (ЧЕТВЁРТЫЙ)
47: 3 (ЧЕТВЁРТЫЙ)
48: 0 (КРАСНЫЙ)
49: 2 (ЗЕЛЁНЫЙ)
50: 1 (СИНИЙ)
51: 2 (ЗЕЛЁНЫЙ)
52: 0 (КРАСНЫЙ)
53: 0 (КРАСНЫЙ)
54: 2 (ЗЕЛЁНЫЙ)
55: 3 (ЧЕТВЁРТЫЙ)
56: 1 (СИНИЙ)
57: 3 (ЧЕТВЁРТЫЙ)
58: 3 (ЧЕТВЁРТЫЙ)
59: 0 (КРАСНЫЙ)
60: 2 (ЗЕЛЁНЫЙ)
61: 0 (КРАСНЫЙ)
62: 1 (СИНИЙ)
63: 1 (СИНИЙ)
64: 2 (ЗЕЛЁНЫЙ)
65: 0 (КРАСНЫЙ)
66: 3 (ЧЕТВЁРТЫЙ)
67: 1 (СИНИЙ)
68: 2 (ЗЕЛЁНЫЙ)
69: 1 (СИНИЙ)
70: 3 (ЧЕТВЁРТЫЙ)
71: 2 (ЗЕЛЁНЫЙ)
72: 3 (ЧЕТВЁРТЫЙ)
73: 2 (ЗЕЛЁНЫЙ)
74: 2 (ЗЕЛЁНЫЙ)
75: 3 (ЧЕТВЁРТЫЙ)
76: 1 (СИНИЙ)
77: 2 (ЗЕЛЁНЫЙ)
78: 2 (ЗЕЛЁНЫЙ)
79: 0 (КРАСНЫЙ)
80: 0 (КРАСНЫЙ)
81: 2 (ЗЕЛЁНЫЙ)
82: 3 (ЧЕТВЁРТЫЙ)
83: 1 (СИНИЙ)
84: 1 (СИНИЙ)
85: 0 (КРАСНЫЙ)
86: 0 (КРАСНЫЙ)
87: 1 (СИНИЙ)
88: 3 (ЧЕТВЁРТЫЙ)
89: 3 (ЧЕТВЁРТЫЙ)
90: 1 (СИНИЙ)
91: 1 (СИНИЙ)
92: 2 (ЗЕЛЁНЫЙ)
93: 0 (КРАСНЫЙ)
94: 1 (СИНИЙ)
95: 2 (ЗЕЛЁНЫЙ)
96: 2 (ЗЕЛЁНЫЙ)
97: 0 (КРАСНЫЙ)
98: 0 (КРАСНЫЙ)
99: 3 (ЧЕТВЁРТЫЙ)

================================================================================
РЕЗУЛЬТАТ ПРОВЕРКИ
================================================================================
Всего рёбер: 294
Проверено рёбер: 294
Конфликты: НЕТ
OK: КОНФЛИКТОВ НЕТ! Раскраска корректна.
