Лог-файл раскраски графа
Граф: graph_100_015
Дата: 2026-09-21 10:09:19
Статус: УСПЕШНО
Время выполнения: 14.08 секунд
================================================================================

Загружен граф: 100 вершин, 294 рёбер
Имя графа: graph_100_015
Файл: graphs100\graph_100_015.json

================================================================================
ГРАФ
================================================================================
Всего вершин: 100
Всего рёбер: 294

Вершины:
0
1
2
3
4
5
6
7
8
9
10
11
12
13
14
15
16
17
18
19
20
21
22
23
24
25
26
27
28
29
30
31
32
33
34
35
36
37
38
39
40
41
42
43
44
45
46
47
48
49
50
51
52
53
54
55
56
57
58
59
60
61
62
63
64
65
66
67
68
69
70
71
72
73
74
75
76
77
78
79
80
81
82
83
84
85
86
87
88
89
90
91
92
93
94
95
96
97
98
99

Рёбра:
0 7
0 35
0 44
0 58
0 76
0 88
1 9
1 13
1 22
1 73
1 78
2 15
2 19
2 38
2 41
2 48
3 4
3 19
3 40
3 59
3 65
3 92
3 94
4 9
4 40
4 70
4 73
4 94
5 7
5 25
5 35
5 42
5 44
5 49
6 52
6 57
6 72
6 75
6 89
7 35
7 42
7 76
7 83
7 91
8 20
8 23
8 29
8 70
8 85
9 22
9 45
9 70
9 73
10 25
10 49
10 61
10 66
10 81
11 28
11 31
11 34
11 37
11 54
11 66
11 71
12 27
12 47
12 51
12 52
12 86
12 99
13 22
13 48
13 56
13 78
13 95
14 38
14 48
14 56
14 79
14 98
15 19
15 41
15 46
15 60
16 18
16 24
16 42
16 53
16 67
16 68
16 91
16 92
17 32
17 43
17 54
17 57
17 69
18 19
18 24
18 43
18 46
18 74
18 84
18 92
19 46
19 48
19 59
19 92
20 23
20 36
20 45
20 70
21 26
21 55
21 64
21 79
21 82
21 90
21 98
22 45
22 55
22 56
22 79
22 90
23 29
23 36
24 31
24 67
24 74
25 44
25 49
25 58
25 81
26 27
26 38
26 41
26 64
26 98
27 32
27 33
27 41
27 47
27 60
27 64
27 99
28 31
28 34
28 42
28 87
28 97
29 30
29 36
29 62
29 85
29 88
29 94
30 62
30 63
30 65
30 94
31 54
31 67
31 71
31 74
31 97
32 33
32 47
32 57
32 69
32 72
33 60
33 69
33 84
34 66
34 87
35 44
36 45
36 88
37 39
37 54
37 57
37 61
37 66
37 75
37 77
38 41
38 48
38 98
39 75
39 77
39 93
40 59
40 73
40 78
41 60
42 49
42 68
42 87
42 91
42 97
43 54
43 69
43 74
43 84
44 58
45 55
45 70
45 88
46 60
46 84
47 52
47 72
48 56
48 59
48 95
49 66
49 87
50 55
50 82
50 86
51 52
51 80
51 86
51 89
52 72
52 89
53 62
53 63
53 83
53 91
53 92
53 96
54 57
54 71
54 74
55 81
55 82
55 86
55 88
55 90
56 79
57 72
57 75
58 81
58 88
59 78
59 95
60 84
61 66
61 77
61 81
62 63
62 76
62 83
62 88
63 65
63 92
63 96
64 82
64 86
64 99
65 92
65 94
66 87
67 68
67 97
68 97
69 84
70 85
70 94
73 78
75 89
75 93
76 83
76 88
77 80
77 81
77 93
78 95
79 90
79 98
80 81
80 86
80 89
80 93
81 86
81 88
82 86
83 91
85 94
86 99
89 93
92 96

================================================================================
РАСКРАСКА ПО ВЕРШИНАМ
================================================================================
0: 2 (ЗЕЛЁНЫЙ)
1: 0 (КРАСНЫЙ)
2: 3 (ЧЕТВЁРТЫЙ)
3: 3 (ЧЕТВЁРТЫЙ)
4: 0 (КРАСНЫЙ)
5: 0 (КРАСНЫЙ)
6: 3 (ЧЕТВЁРТЫЙ)
7: 3 (ЧЕТВЁРТЫЙ)
8: 1 (СИНИЙ)
9: 1 (СИНИЙ)
10: 0 (КРАСНЫЙ)
11: 0 (КРАСНЫЙ)
12: 1 (СИНИЙ)
13: 2 (ЗЕЛЁНЫЙ)
14: 3 (ЧЕТВЁРТЫЙ)
15: 0 (КРАСНЫЙ)
16: 3 (ЧЕТВЁРТЫЙ)
17: 3 (ЧЕТВЁРТЫЙ)
18: 2 (ЗЕЛЁНЫЙ)
19: 1 (СИНИЙ)
20: 2 (ЗЕЛЁНЫЙ)
21: 1 (СИНИЙ)
22: 3 (ЧЕТВЁРТЫЙ)
23: 0 (КРАСНЫЙ)
24: 0 (КРАСНЫЙ)
25: 1 (СИНИЙ)
26: 3 (ЧЕТВЁРТЫЙ)
27: 0 (КРАСНЫЙ)
28: 3 (ЧЕТВЁРТЫЙ)
29: 2 (ЗЕЛЁНЫЙ)
30: 0 (КРАСНЫЙ)
31: 1 (СИНИЙ)
32: 1 (СИНИЙ)
33: 3 (ЧЕТВЁРТЫЙ)
34: 2 (ЗЕЛЁНЫЙ)
35: 1 (СИНИЙ)
36: 3 (ЧЕТВЁРТЫЙ)
37: 3 (ЧЕТВЁРТЫЙ)
38: 1 (СИНИЙ)
39: 0 (КРАСНЫЙ)
40: 1 (СИНИЙ)
41: 2 (ЗЕЛЁНЫЙ)
42: 2 (ЗЕЛЁНЫЙ)
43: 1 (СИНИЙ)
44: 3 (ЧЕТВЁРТЫЙ)
45: 0 (КРАСНЫЙ)
46: 3 (ЧЕТВЁРТЫЙ)
47: 3 (ЧЕТВЁРТЫЙ)
48: 0 (КРАСНЫЙ)
49: 3 (ЧЕТВЁРТЫЙ)
50: 1 (СИНИЙ)
51: 3 (ЧЕТВЁРТЫЙ)
52: 0 (КРАСНЫЙ)
53: 2 (ЗЕЛЁНЫЙ)
54: 2 (ЗЕЛЁНЫЙ)
55: 2 (ЗЕЛЁНЫЙ)
56: 1 (СИНИЙ)
57: 0 (КРАСНЫЙ)
58: 0 (КРАСНЫЙ)
59: 2 (ЗЕЛЁНЫЙ)
60: 1 (СИНИЙ)
61: 2 (ЗЕЛЁНЫЙ)
62: 3 (ЧЕТВЁРТЫЙ)
63: 1 (СИНИЙ)
64: 2 (ЗЕЛЁНЫЙ)
65: 2 (ЗЕЛЁНЫЙ)
66: 1 (СИНИЙ)
67: 2 (ЗЕЛЁНЫЙ)
68: 1 (СИНИЙ)
69: 2 (ЗЕЛЁНЫЙ)
70: 3 (ЧЕТВЁРТЫЙ)
71: 3 (ЧЕТВЁРТЫЙ)
72: 2 (ЗЕЛЁНЫЙ)
73: 2 (ЗЕЛЁНЫЙ)
74: 3 (ЧЕТВЁРТЫЙ)
75: 2 (ЗЕЛЁНЫЙ)
76: 0 (КРАСНЫЙ)
77: 1 (СИНИЙ)
78: 3 (ЧЕТВЁРТЫЙ)
79: 2 (ЗЕЛЁНЫЙ)
80: 2 (ЗЕЛЁНЫЙ)
81: 3 (ЧЕТВЁРТЫЙ)
82: 3 (ЧЕТВЁРТЫЙ)
83: 1 (СИНИЙ)
84: 0 (КРАСНЫЙ)
85: 0 (КРАСНЫЙ)
86: 0 (КРАСНЫЙ)
87: 0 (КРАСНЫЙ)
88: 1 (СИНИЙ)
89: 1 (СИНИЙ)
90: 0 (КРАСНЫЙ)
91: 0 (КРАСНЫЙ)
92: 0 (КРАСНЫЙ)
93: 3 (ЧЕТВЁРТЫЙ)
94: 1 (СИНИЙ)
95: 1 (СИНИЙ)
96: 3 (ЧЕТВЁРТЫЙ)
97: 0 (КРАСНЫЙ)
98: 0 (КРАСНЫЙ)
99: 3 (ЧЕТВЁРТЫЙ)

================================================================================
РЕЗУЛЬТАТ ПРОВЕРКИ
================================================================================
Всего рёбер: 294
Проверено рёбер: 294
Конфликты: НЕТ
OK: КОНФЛИКТОВ НЕТ! Раскраска корректна.
