Лог-файл раскраски графа
Граф: graph_100_038
Дата: 2026-09-21 10:17:10
Статус: УСПЕШНО
Время выполнения: 11.68 секунд
================================================================================

Загружен граф: 100 вершин, 294 рёбер
Имя графа: graph_100_038
Файл: graphs100\graph_100_038.json

================================================================================
ГРАФ
================================================================================
Всего вершин: 100
Всего рёбер: 294

Вершины:
0
1
2
3
4
5
6
7
8
9
10
11
12
13
14
15
16
17
18
19
20
21
22
23
24
25
26
27
28
29
30
31
32
33
34
35
36
37
38
39
40
41
42
43
44
45
46
47
48
49
50
51
52
53
54
55
56
57
58
59
60
61
62
63
64
65
66
67
68
69
70
71
72
73
74
75
76
77
78
79
80
81
82
83
84
85
86
87
88
89
90
91
92
93
94
95
96
97
98
99

Рёбра:
0 34
0 40
0 78
0 79
0 92
1 10
1 14
1 16
1 45
1 47
2 7
2 32
2 33
2 42
2 52
2 69
2 72
3 5
3 49
3 51
3 94
4 22
4 27
4 41
4 48
4 74
4 91
4 95
5 11
5 24
5 43
5 51
5 94
6 9
6 38
6 71
6 78
7 20
7 52
7 59
7 72
7 97
8 18
8 37
8 61
8 64
9 32
9 38
9 61
9 64
9 78
9 99
10 12
10 45
10 47
10 60
10 62
11 20
11 24
11 25
11 26
11 28
11 29
11 43
12 31
12 38
12 60
12 62
12 63
12 65
12 88
12 99
13 16
13 42
13 60
13 82
14 16
14 39
14 45
14 62
14 67
14 69
14 99
15 21
15 36
15 58
15 85
15 88
16 39
16 42
16 47
16 60
17 19
17 27
17 49
17 51
17 68
17 91
18 34
18 37
18 40
18 61
19 41
19 49
19 83
19 88
19 91
19 93
20 25
20 28
20 37
20 52
20 59
21 57
21 58
21 79
21 85
21 87
22 74
22 83
22 91
23 54
23 57
23 65
23 87
23 96
24 25
24 51
24 75
24 90
25 30
25 59
25 66
25 73
25 90
26 29
26 43
26 77
27 30
27 48
27 68
27 90
27 91
28 29
28 37
29 34
29 37
29 56
29 77
30 48
30 73
30 90
31 62
31 99
32 33
32 52
32 64
32 99
33 67
33 69
33 99
34 37
34 40
34 56
34 79
34 85
35 66
35 70
35 72
35 73
35 84
35 97
36 55
36 85
36 86
36 88
37 52
37 64
38 65
38 71
38 99
39 42
39 69
40 61
40 78
41 63
41 74
41 83
41 88
41 93
41 95
42 69
42 70
42 72
42 82
43 77
43 94
44 70
44 80
44 81
44 82
44 84
44 89
45 62
46 56
46 77
46 85
46 86
47 60
48 53
48 73
48 76
48 95
49 51
49 55
49 88
49 94
50 60
50 63
50 89
50 98
51 68
51 75
52 64
53 73
53 76
53 80
53 84
54 65
54 87
54 88
55 86
55 88
55 94
56 77
56 85
57 79
57 87
57 96
58 87
58 88
59 66
59 97
60 63
60 82
60 89
61 64
61 78
62 99
63 80
63 81
63 88
63 95
63 98
65 71
65 79
65 88
65 92
65 96
66 73
66 97
67 69
67 99
68 75
68 90
70 72
70 82
70 84
71 78
71 92
72 97
73 84
74 83
75 90
76 80
76 95
77 86
77 94
78 92
79 85
79 92
79 96
80 81
80 84
80 95
81 89
81 98
82 89
83 91
83 93
85 86
86 94
87 88
89 98

================================================================================
РАСКРАСКА ПО ВЕРШИНАМ
================================================================================
0: 0 (КРАСНЫЙ)
1: 1 (СИНИЙ)
2: 0 (КРАСНЫЙ)
3: 1 (СИНИЙ)
4: 0 (КРАСНЫЙ)
5: 3 (ЧЕТВЁРТЫЙ)
6: 2 (ЗЕЛЁНЫЙ)
7: 1 (СИНИЙ)
8: 3 (ЧЕТВЁРТЫЙ)
9: 0 (КРАСНЫЙ)
10: 3 (ЧЕТВЁРТЫЙ)
11: 0 (КРАСНЫЙ)
12: 0 (КРАСНЫЙ)
13: 0 (КРАСНЫЙ)
14: 0 (КРАСНЫЙ)
15: 3 (ЧЕТВЁРТЫЙ)
16: 3 (ЧЕТВЁРТЫЙ)
17: 1 (СИНИЙ)
18: 0 (КРАСНЫЙ)
19: 0 (КРАСНЫЙ)
20: 2 (ЗЕЛЁНЫЙ)
21: 0 (КРАСНЫЙ)
22: 2 (ЗЕЛЁНЫЙ)
23: 1 (СИНИЙ)
24: 1 (СИНИЙ)
25: 3 (ЧЕТВЁРТЫЙ)
26: 1 (СИНИЙ)
27: 2 (ЗЕЛЁНЫЙ)
28: 3 (ЧЕТВЁРТЫЙ)
29: 2 (ЗЕЛЁНЫЙ)
30: 1 (СИНИЙ)
31: 2 (ЗЕЛЁНЫЙ)
32: 1 (СИНИЙ)
33: 2 (ЗЕЛЁНЫЙ)
34: 3 (ЧЕТВЁРТЫЙ)
35: 0 (КРАСНЫЙ)
36: 0 (КРАСНЫЙ)
37: 1 (СИНИЙ)
38: 1 (СИНИЙ)
39: 2 (ЗЕЛЁНЫЙ)
40: 2 (ЗЕЛЁНЫЙ)
41: 2 (ЗЕЛЁНЫЙ)
42: 1 (СИНИЙ)
43: 2 (ЗЕЛЁНЫЙ)
44: 1 (СИНИЙ)
45: 2 (ЗЕЛЁНЫЙ)
46: 0 (КРАСНЫЙ)
47: 0 (КРАСНЫЙ)
48: 3 (ЧЕТВЁРТЫЙ)
49: 3 (ЧЕТВЁРТЫЙ)
50: 2 (ЗЕЛЁНЫЙ)
51: 0 (КРАСНЫЙ)
52: 3 (ЧЕТВЁРТЫЙ)
53: 1 (СИНИЙ)
54: 0 (КРАСНЫЙ)
55: 2 (ЗЕЛЁНЫЙ)
56: 1 (СИНИЙ)
57: 2 (ЗЕЛЁНЫЙ)
58: 2 (ЗЕЛЁНЫЙ)
59: 0 (КРАСНЫЙ)
60: 1 (СИНИЙ)
61: 1 (СИНИЙ)
62: 1 (СИНИЙ)
63: 3 (ЧЕТВЁРТЫЙ)
64: 2 (ЗЕЛЁНЫЙ)
65: 3 (ЧЕТВЁРТЫЙ)
66: 1 (СИНИЙ)
67: 1 (СИНИЙ)
68: 3 (ЧЕТВЁРТЫЙ)
69: 3 (ЧЕТВЁРТЫЙ)
70: 2 (ЗЕЛЁНЫЙ)
71: 0 (КРАСНЫЙ)
72: 3 (ЧЕТВЁРТЫЙ)
73: 2 (ЗЕЛЁНЫЙ)
74: 3 (ЧЕТВЁРТЫЙ)
75: 2 (ЗЕЛЁНЫЙ)
76: 2 (ЗЕЛЁНЫЙ)
77: 3 (ЧЕТВЁРТЫЙ)
78: 3 (ЧЕТВЁРТЫЙ)
79: 1 (СИНИЙ)
80: 0 (КРАСНЫЙ)
81: 2 (ЗЕЛЁНЫЙ)
82: 3 (ЧЕТВЁРТЫЙ)
83: 1 (СИНИЙ)
84: 3 (ЧЕТВЁРТЫЙ)
85: 2 (ЗЕЛЁНЫЙ)
86: 1 (СИНИЙ)
87: 3 (ЧЕТВЁРТЫЙ)
88: 1 (СИНИЙ)
89: 0 (КРАСНЫЙ)
90: 0 (КРАСНЫЙ)
91: 3 (ЧЕТВЁРТЫЙ)
92: 2 (ЗЕЛЁНЫЙ)
93: 3 (ЧЕТВЁРТЫЙ)
94: 0 (КРАСНЫЙ)
95: 1 (СИНИЙ)
96: 0 (КРАСНЫЙ)
97: 2 (ЗЕЛЁНЫЙ)
98: 1 (СИНИЙ)
99: 3 (ЧЕТВЁРТЫЙ)

================================================================================
РЕЗУЛЬТАТ ПРОВЕРКИ
================================================================================
Всего рёбер: 294
Проверено рёбер: 294
Конфликты: НЕТ
OK: КОНФЛИКТОВ НЕТ! Раскраска корректна.
