Лог-файл раскраски графа
Граф: graph_100_023
Дата: 2026-09-21 10:11:24
Статус: УСПЕШНО
Время выполнения: 12.63 секунд
================================================================================

Загружен граф: 100 вершин, 294 рёбер
Имя графа: graph_100_023
Файл: graphs100\graph_100_023.json

================================================================================
ГРАФ
================================================================================
Всего вершин: 100
Всего рёбер: 294

Вершины:
0
1
2
3
4
5
6
7
8
9
10
11
12
13
14
15
16
17
18
19
20
21
22
23
24
25
26
27
28
29
30
31
32
33
34
35
36
37
38
39
40
41
42
43
44
45
46
47
48
49
50
51
52
53
54
55
56
57
58
59
60
61
62
63
64
65
66
67
68
69
70
71
72
73
74
75
76
77
78
79
80
81
82
83
84
85
86
87
88
89
90
91
92
93
94
95
96
97
98
99

Рёбра:
0 7
0 20
0 24
0 28
0 32
0 55
1 8
1 40
1 57
1 72
1 90
1 94
1 99
2 35
2 66
2 74
2 83
2 87
2 93
3 19
3 33
3 48
3 51
3 62
3 64
3 78
4 23
4 60
4 61
4 79
5 37
5 46
5 52
5 54
5 70
5 82
5 95
6 14
6 31
6 34
6 40
6 49
6 97
6 99
7 24
7 55
7 70
7 71
7 76
8 12
8 30
8 47
8 57
8 84
8 99
9 13
9 27
9 43
9 51
9 64
9 89
10 15
10 44
10 56
10 96
11 17
11 27
11 47
11 52
11 67
12 30
12 34
12 47
12 84
13 43
13 59
13 62
13 64
13 65
13 86
14 36
14 40
14 49
15 26
15 44
15 63
15 88
15 91
15 96
16 19
16 37
16 46
16 74
16 95
17 27
17 38
17 41
17 67
17 77
17 81
17 92
18 36
18 40
18 45
18 56
18 69
19 33
19 48
19 66
19 74
19 95
20 28
20 32
20 53
20 80
20 88
21 42
21 45
21 50
21 60
21 69
21 75
21 79
22 29
22 78
22 89
22 92
23 42
23 61
23 65
23 72
23 79
24 28
24 39
24 68
24 70
25 36
25 49
25 56
25 96
25 97
26 63
26 76
26 88
27 43
27 47
27 89
27 92
28 39
28 80
28 93
29 41
29 78
29 81
29 85
29 92
30 84
31 34
31 84
31 99
32 55
32 76
32 88
33 62
33 66
34 47
34 84
34 97
34 98
35 54
35 74
35 87
36 40
36 49
36 56
37 46
37 54
37 74
38 52
38 67
38 77
39 68
39 73
39 82
39 93
40 45
40 90
40 99
41 52
41 77
41 81
41 85
42 50
42 53
42 65
42 79
42 86
43 47
43 57
43 59
43 94
44 56
44 69
44 75
44 88
45 60
45 69
45 90
46 95
47 52
47 57
47 98
48 52
48 78
48 85
48 95
49 97
50 53
50 75
50 88
51 64
51 78
51 89
52 67
52 70
52 71
52 77
52 85
52 95
52 98
53 80
53 83
53 86
53 88
54 73
54 74
54 82
54 87
55 76
56 69
56 96
57 94
58 63
58 71
58 91
58 98
59 65
59 72
59 94
60 61
60 79
60 90
61 72
61 90
62 64
62 66
62 86
63 71
63 76
63 91
65 72
65 86
66 74
66 83
66 86
68 70
68 82
69 75
70 71
70 82
71 76
71 98
72 90
72 94
73 82
73 87
73 93
75 88
76 88
78 85
78 89
80 83
80 93
81 92
83 86
83 93
84 99
87 93
89 92
91 96
91 98
96 97
96 98
97 98

================================================================================
РАСКРАСКА ПО ВЕРШИНАМ
================================================================================
0: 0 (КРАСНЫЙ)
1: 0 (КРАСНЫЙ)
2: 0 (КРАСНЫЙ)
3: 3 (ЧЕТВЁРТЫЙ)
4: 1 (СИНИЙ)
5: 0 (КРАСНЫЙ)
6: 0 (КРАСНЫЙ)
7: 1 (СИНИЙ)
8: 1 (СИНИЙ)
9: 0 (КРАСНЫЙ)
10: 1 (СИНИЙ)
11: 1 (СИНИЙ)
12: 2 (ЗЕЛЁНЫЙ)
13: 3 (ЧЕТВЁРТЫЙ)
14: 1 (СИНИЙ)
15: 3 (ЧЕТВЁРТЫЙ)
16: 3 (ЧЕТВЁРТЫЙ)
17: 3 (ЧЕТВЁРТЫЙ)
18: 1 (СИНИЙ)
19: 0 (КРАСНЫЙ)
20: 3 (ЧЕТВЁРТЫЙ)
21: 1 (СИНИЙ)
22: 1 (СИНИЙ)
23: 0 (КРАСНЫЙ)
24: 3 (ЧЕТВЁРТЫЙ)
25: 1 (СИНИЙ)
26: 0 (КРАСНЫЙ)
27: 2 (ЗЕЛЁНЫЙ)
28: 1 (СИНИЙ)
29: 3 (ЧЕТВЁРТЫЙ)
30: 3 (ЧЕТВЁРТЫЙ)
31: 1 (СИНИЙ)
32: 1 (СИНИЙ)
33: 2 (ЗЕЛЁНЫЙ)
34: 3 (ЧЕТВЁРТЫЙ)
35: 1 (СИНИЙ)
36: 0 (КРАСНЫЙ)
37: 1 (СИНИЙ)
38: 0 (КРАСНЫЙ)
39: 2 (ЗЕЛЁНЫЙ)
40: 2 (ЗЕЛЁНЫЙ)
41: 0 (КРАСНЫЙ)
42: 3 (ЧЕТВЁРТЫЙ)
43: 1 (СИНИЙ)
44: 0 (КРАСНЫЙ)
45: 0 (КРАСНЫЙ)
46: 2 (ЗЕЛЁНЫЙ)
47: 0 (КРАСНЫЙ)
48: 2 (ЗЕЛЁНЫЙ)
49: 3 (ЧЕТВЁРТЫЙ)
50: 0 (КРАСНЫЙ)
51: 1 (СИНИЙ)
52: 3 (ЧЕТВЁРТЫЙ)
53: 1 (СИНИЙ)
54: 3 (ЧЕТВЁРТЫЙ)
55: 2 (ЗЕЛЁНЫЙ)
56: 3 (ЧЕТВЁРТЫЙ)
57: 3 (ЧЕТВЁРТЫЙ)
58: 3 (ЧЕТВЁРТЫЙ)
59: 0 (КРАСНЫЙ)
60: 3 (ЧЕТВЁРТЫЙ)
61: 2 (ЗЕЛЁНЫЙ)
62: 1 (СИНИЙ)
63: 1 (СИНИЙ)
64: 2 (ЗЕЛЁНЫЙ)
65: 1 (СИНИЙ)
66: 3 (ЧЕТВЁРТЫЙ)
67: 2 (ЗЕЛЁНЫЙ)
68: 0 (КРАСНЫЙ)
69: 2 (ЗЕЛЁНЫЙ)
70: 2 (ЗЕЛЁНЫЙ)
71: 0 (КРАСНЫЙ)
72: 3 (ЧЕТВЁРТЫЙ)
73: 0 (КРАСНЫЙ)
74: 2 (ЗЕЛЁНЫЙ)
75: 3 (ЧЕТВЁРТЫЙ)
76: 3 (ЧЕТВЁРТЫЙ)
77: 1 (СИНИЙ)
78: 0 (КРАСНЫЙ)
79: 2 (ЗЕЛЁНЫЙ)
80: 0 (КРАСНЫЙ)
81: 1 (СИНИЙ)
82: 1 (СИНИЙ)
83: 2 (ЗЕЛЁНЫЙ)
84: 0 (КРАСНЫЙ)
85: 1 (СИНИЙ)
86: 0 (КРАСНЫЙ)
87: 2 (ЗЕЛЁНЫЙ)
88: 2 (ЗЕЛЁНЫЙ)
89: 3 (ЧЕТВЁРТЫЙ)
90: 1 (СИНИЙ)
91: 2 (ЗЕЛЁНЫЙ)
92: 0 (КРАСНЫЙ)
93: 3 (ЧЕТВЁРТЫЙ)
94: 2 (ЗЕЛЁНЫЙ)
95: 1 (СИНИЙ)
96: 0 (КРАСНЫЙ)
97: 2 (ЗЕЛЁНЫЙ)
98: 1 (СИНИЙ)
99: 3 (ЧЕТВЁРТЫЙ)

================================================================================
РЕЗУЛЬТАТ ПРОВЕРКИ
================================================================================
Всего рёбер: 294
Проверено рёбер: 294
Конфликты: НЕТ
OK: КОНФЛИКТОВ НЕТ! Раскраска корректна.
