Лог-файл раскраски графа
Граф: graph_100_001
Дата: 2026-09-21 10:01:28
Статус: УСПЕШНО
Время выполнения: 8.71 секунд
================================================================================

Загружен граф: 100 вершин, 294 рёбер
Имя графа: graph_100_001
Файл: graphs100\graph_100_001.json

================================================================================
ГРАФ
================================================================================
Всего вершин: 100
Всего рёбер: 294

Вершины:
0
1
2
3
4
5
6
7
8
9
10
11
12
13
14
15
16
17
18
19
20
21
22
23
24
25
26
27
28
29
30
31
32
33
34
35
36
37
38
39
40
41
42
43
44
45
46
47
48
49
50
51
52
53
54
55
56
57
58
59
60
61
62
63
64
65
66
67
68
69
70
71
72
73
74
75
76
77
78
79
80
81
82
83
84
85
86
87
88
89
90
91
92
93
94
95
96
97
98
99

Рёбра:
0 5
0 11
0 21
0 43
0 63
0 87
1 32
1 49
1 60
1 61
1 64
1 83
1 89
1 98
2 13
2 55
2 71
2 82
2 95
3 22
3 26
3 30
3 47
3 50
3 64
3 80
3 89
4 8
4 47
4 50
4 86
5 8
5 11
5 29
5 46
5 87
6 14
6 36
6 42
6 45
6 92
7 25
7 32
7 49
7 57
7 93
8 11
8 46
8 50
8 86
9 26
9 55
9 61
9 64
9 71
10 12
10 54
10 58
10 97
11 21
11 50
11 73
11 77
11 78
11 93
12 58
12 69
12 79
12 96
12 97
13 60
13 71
13 72
13 82
14 36
14 45
15 22
15 30
15 83
15 89
16 20
16 34
16 35
16 38
16 48
16 51
16 62
17 31
17 41
17 67
17 86
17 88
18 58
18 81
18 96
18 99
19 25
19 49
19 53
19 57
20 34
20 35
20 56
20 69
20 79
21 42
21 43
21 77
21 92
22 30
22 78
22 80
22 83
23 35
23 38
23 51
23 67
24 26
24 37
24 47
24 55
24 95
25 49
25 57
26 47
26 55
26 64
27 37
27 66
27 70
27 74
27 95
28 59
28 66
28 70
28 76
28 90
29 39
29 44
29 46
29 81
29 84
29 87
29 96
30 89
31 33
31 41
31 62
31 68
31 86
32 49
32 78
32 83
32 93
33 44
33 62
33 84
33 86
34 48
34 52
34 56
35 38
35 67
35 79
35 91
36 45
36 53
36 57
36 73
36 77
36 92
37 47
37 70
37 76
37 95
38 51
39 40
39 44
39 69
39 96
40 44
40 48
40 52
40 56
40 62
40 69
41 67
41 68
42 43
42 45
42 85
42 92
43 63
43 65
43 85
43 94
44 62
44 84
45 53
45 75
45 85
46 84
46 86
47 50
47 76
47 86
48 52
48 62
49 53
49 60
50 78
50 80
51 62
51 67
51 68
52 56
53 57
53 60
53 75
54 58
54 65
54 85
54 97
54 99
55 71
55 95
56 69
57 73
57 93
58 96
58 99
59 66
59 67
59 88
59 90
59 91
60 72
60 75
60 82
60 85
60 98
61 64
61 71
61 98
62 68
63 81
63 87
63 94
63 99
64 89
65 85
65 94
65 99
66 70
66 74
66 91
67 68
67 88
67 91
69 79
69 96
70 76
71 72
71 98
72 98
73 77
73 93
74 82
74 91
74 95
75 85
76 86
76 88
76 90
77 92
78 80
78 83
78 93
79 91
79 97
81 87
81 96
81 99
82 85
82 91
82 95
83 89
84 86
85 91
85 97
86 88
88 90
91 97
94 99

================================================================================
РАСКРАСКА ПО ВЕРШИНАМ
================================================================================
0: 0 (КРАСНЫЙ)
1: 0 (КРАСНЫЙ)
2: 0 (КРАСНЫЙ)
3: 3 (ЧЕТВЁРТЫЙ)
4: 3 (ЧЕТВЁРТЫЙ)
5: 1 (СИНИЙ)
6: 1 (СИНИЙ)
7: 0 (КРАСНЫЙ)
8: 0 (КРАСНЫЙ)
9: 0 (КРАСНЫЙ)
10: 1 (СИНИЙ)
11: 3 (ЧЕТВЁРТЫЙ)
12: 0 (КРАСНЫЙ)
13: 1 (СИНИЙ)
14: 2 (ЗЕЛЁНЫЙ)
15: 0 (КРАСНЫЙ)
16: 3 (ЧЕТВЁРТЫЙ)
17: 1 (СИНИЙ)
18: 0 (КРАСНЫЙ)
19: 0 (КРАСНЫЙ)
20: 0 (КРАСНЫЙ)
21: 1 (СИНИЙ)
22: 2 (ЗЕЛЁНЫЙ)
23: 0 (КРАСНЫЙ)
24: 3 (ЧЕТВЁРТЫЙ)
25: 1 (СИНИЙ)
26: 2 (ЗЕЛЁНЫЙ)
27: 0 (КРАСНЫЙ)
28: 0 (КРАСНЫЙ)
29: 2 (ЗЕЛЁНЫЙ)
30: 1 (СИНИЙ)
31: 3 (ЧЕТВЁРТЫЙ)
32: 1 (СИНИЙ)
33: 1 (СИНИЙ)
34: 1 (СИНИЙ)
35: 2 (ЗЕЛЁНЫЙ)
36: 0 (КРАСНЫЙ)
37: 1 (СИНИЙ)
38: 1 (СИНИЙ)
39: 0 (КРАСНЫЙ)
40: 1 (СИНИЙ)
41: 0 (КРАСНЫЙ)
42: 0 (КРАСНЫЙ)
43: 3 (ЧЕТВЁРТЫЙ)
44: 3 (ЧЕТВЁРТЫЙ)
45: 3 (ЧЕТВЁРТЫЙ)
46: 3 (ЧЕТВЁРТЫЙ)
47: 0 (КРАСНЫЙ)
48: 2 (ЗЕЛЁНЫЙ)
49: 3 (ЧЕТВЁРТЫЙ)
50: 2 (ЗЕЛЁНЫЙ)
51: 2 (ЗЕЛЁНЫЙ)
52: 0 (КРАСНЫЙ)
53: 1 (СИНИЙ)
54: 0 (КРАСНЫЙ)
55: 1 (СИНИЙ)
56: 3 (ЧЕТВЁРТЫЙ)
57: 3 (ЧЕТВЁРТЫЙ)
58: 2 (ЗЕЛЁНЫЙ)
59: 1 (СИНИЙ)
60: 2 (ЗЕЛЁНЫЙ)
61: 2 (ЗЕЛЁНЫЙ)
62: 0 (КРАСНЫЙ)
63: 2 (ЗЕЛЁНЫЙ)
64: 1 (СИНИЙ)
65: 2 (ЗЕЛЁНЫЙ)
66: 3 (ЧЕТВЁРТЫЙ)
67: 3 (ЧЕТВЁРТЫЙ)
68: 1 (СИНИЙ)
69: 2 (ЗЕЛЁНЫЙ)
70: 2 (ЗЕЛЁНЫЙ)
71: 3 (ЧЕТВЁРТЫЙ)
72: 0 (КРАСНЫЙ)
73: 1 (СИНИЙ)
74: 1 (СИНИЙ)
75: 0 (КРАСНЫЙ)
76: 3 (ЧЕТВЁРТЫЙ)
77: 2 (ЗЕЛЁНЫЙ)
78: 0 (КРАСНЫЙ)
79: 1 (СИНИЙ)
80: 1 (СИНИЙ)
81: 1 (СИНИЙ)
82: 3 (ЧЕТВЁРТЫЙ)
83: 3 (ЧЕТВЁРТЫЙ)
84: 0 (КРАСНЫЙ)
85: 1 (СИНИЙ)
86: 2 (ЗЕЛЁНЫЙ)
87: 3 (ЧЕТВЁРТЫЙ)
88: 0 (КРАСНЫЙ)
89: 2 (ЗЕЛЁНЫЙ)
90: 2 (ЗЕЛЁНЫЙ)
91: 0 (КРАСНЫЙ)
92: 3 (ЧЕТВЁРТЫЙ)
93: 2 (ЗЕЛЁНЫЙ)
94: 0 (КРАСНЫЙ)
95: 2 (ЗЕЛЁНЫЙ)
96: 3 (ЧЕТВЁРТЫЙ)
97: 3 (ЧЕТВЁРТЫЙ)
98: 1 (СИНИЙ)
99: 3 (ЧЕТВЁРТЫЙ)

================================================================================
РЕЗУЛЬТАТ ПРОВЕРКИ
================================================================================
Всего рёбер: 294
Проверено рёбер: 294
Конфликты: НЕТ
OK: КОНФЛИКТОВ НЕТ! Раскраска корректна.
