Лог-файл раскраски графа
Граф: graph_100_004
Дата: 2026-09-21 10:02:05
Статус: УСПЕШНО
Время выполнения: 12.79 секунд
================================================================================

Загружен граф: 100 вершин, 294 рёбер
Имя графа: graph_100_004
Файл: graphs100\graph_100_004.json

================================================================================
ГРАФ
================================================================================
Всего вершин: 100
Всего рёбер: 294

Вершины:
0
1
2
3
4
5
6
7
8
9
10
11
12
13
14
15
16
17
18
19
20
21
22
23
24
25
26
27
28
29
30
31
32
33
34
35
36
37
38
39
40
41
42
43
44
45
46
47
48
49
50
51
52
53
54
55
56
57
58
59
60
61
62
63
64
65
66
67
68
69
70
71
72
73
74
75
76
77
78
79
80
81
82
83
84
85
86
87
88
89
90
91
92
93
94
95
96
97
98
99

Рёбра:
0 28
0 29
0 52
0 62
0 86
0 87
0 92
1 52
1 67
1 83
1 86
2 5
2 21
2 23
2 26
2 45
3 21
3 33
3 45
3 52
3 55
3 62
3 99
4 17
4 31
4 50
4 73
4 79
5 21
5 23
5 95
5 99
6 11
6 32
6 74
6 82
7 17
7 31
7 38
7 39
7 53
8 37
8 63
8 68
8 75
8 90
8 91
9 10
9 59
9 63
9 64
9 74
9 77
10 15
10 44
10 51
10 58
10 59
10 74
11 32
11 35
11 57
11 61
11 74
11 76
12 47
12 55
12 68
12 75
12 84
12 89
13 16
13 26
13 27
13 34
13 45
13 56
14 23
14 29
14 41
14 49
14 69
14 72
14 95
15 35
15 42
15 44
15 61
15 74
15 85
16 27
16 33
16 55
16 56
17 31
17 37
17 38
17 73
18 19
18 24
18 36
18 65
19 20
19 31
19 36
19 39
19 60
19 65
19 97
20 22
20 31
20 36
21 45
21 99
22 31
22 36
22 48
22 79
23 26
23 34
23 69
23 95
24 36
24 65
24 93
25 29
25 30
25 87
25 92
25 95
25 96
26 34
26 45
27 34
27 47
27 55
27 66
28 29
28 30
28 92
29 30
29 72
29 86
29 95
30 92
31 39
31 79
32 57
32 82
32 83
32 94
33 45
33 55
33 56
34 48
34 66
34 69
35 42
35 54
35 61
35 76
36 48
36 49
36 93
37 38
37 63
37 64
37 73
37 90
37 91
38 53
38 64
39 53
39 70
39 77
39 80
39 97
39 98
40 68
40 75
40 84
41 49
41 72
41 93
42 43
42 54
42 65
42 85
43 44
43 51
43 60
43 65
43 70
43 85
44 51
44 85
45 56
46 51
46 71
46 80
46 98
47 55
47 66
47 81
47 89
48 49
48 66
48 69
48 79
48 81
49 69
49 93
50 73
50 79
50 81
50 88
50 89
51 58
51 70
51 71
51 80
52 55
52 62
52 83
52 86
53 64
53 77
54 57
54 65
54 76
54 78
54 93
55 68
55 82
55 83
57 76
57 78
57 94
58 59
58 71
59 71
59 77
59 98
60 65
60 70
60 97
61 74
62 87
62 99
63 64
63 68
63 74
63 91
64 77
65 93
66 81
67 83
67 86
67 94
68 74
68 75
68 82
68 84
70 80
70 97
71 98
72 78
72 86
72 93
73 88
73 90
74 82
75 84
75 88
75 89
75 90
77 98
78 86
78 93
78 94
79 81
80 98
81 89
82 83
83 94
86 94
87 92
87 96
87 99
88 89
88 90
95 96
95 99
96 99

================================================================================
РАСКРАСКА ПО ВЕРШИНАМ
================================================================================
0: 3 (ЧЕТВЁРТЫЙ)
1: 3 (ЧЕТВЁРТЫЙ)
2: 0 (КРАСНЫЙ)
3: 0 (КРАСНЫЙ)
4: 1 (СИНИЙ)
5: 1 (СИНИЙ)
6: 1 (СИНИЙ)
7: 3 (ЧЕТВЁРТЫЙ)
8: 3 (ЧЕТВЁРТЫЙ)
9: 0 (КРАСНЫЙ)
10: 1 (СИНИЙ)
11: 0 (КРАСНЫЙ)
12: 2 (ЗЕЛЁНЫЙ)
13: 2 (ЗЕЛЁНЫЙ)
14: 1 (СИНИЙ)
15: 0 (КРАСНЫЙ)
16: 0 (КРАСНЫЙ)
17: 0 (КРАСНЫЙ)
18: 1 (СИНИЙ)
19: 3 (ЧЕТВЁРТЫЙ)
20: 1 (СИНИЙ)
21: 2 (ЗЕЛЁНЫЙ)
22: 0 (КРАСНЫЙ)
23: 3 (ЧЕТВЁРТЫЙ)
24: 3 (ЧЕТВЁРТЫЙ)
25: 3 (ЧЕТВЁРТЫЙ)
26: 1 (СИНИЙ)
27: 1 (СИНИЙ)
28: 1 (СИНИЙ)
29: 0 (КРАСНЫЙ)
30: 2 (ЗЕЛЁНЫЙ)
31: 2 (ЗЕЛЁНЫЙ)
32: 3 (ЧЕТВЁРТЫЙ)
33: 2 (ЗЕЛЁНЫЙ)
34: 0 (КРАСНЫЙ)
35: 1 (СИНИЙ)
36: 2 (ЗЕЛЁНЫЙ)
37: 1 (СИНИЙ)
38: 2 (ЗЕЛЁНЫЙ)
39: 1 (СИНИЙ)
40: 2 (ЗЕЛЁНЫЙ)
41: 0 (КРАСНЫЙ)
42: 2 (ЗЕЛЁНЫЙ)
43: 3 (ЧЕТВЁРТЫЙ)
44: 2 (ЗЕЛЁНЫЙ)
45: 3 (ЧЕТВЁРТЫЙ)
46: 2 (ЗЕЛЁНЫЙ)
47: 0 (КРАСНЫЙ)
48: 1 (СИНИЙ)
49: 3 (ЧЕТВЁРТЫЙ)
50: 0 (КРАСНЫЙ)
51: 0 (КРАСНЫЙ)
52: 2 (ЗЕЛЁНЫЙ)
53: 0 (КРАСНЫЙ)
54: 3 (ЧЕТВЁРТЫЙ)
55: 3 (ЧЕТВЁРТЫЙ)
56: 1 (СИНИЙ)
57: 1 (СИНИЙ)
58: 2 (ЗЕЛЁНЫЙ)
59: 3 (ЧЕТВЁРТЫЙ)
60: 1 (СИНИЙ)
61: 2 (ЗЕЛЁНЫЙ)
62: 1 (СИНИЙ)
63: 2 (ЗЕЛЁНЫЙ)
64: 3 (ЧЕТВЁРТЫЙ)
65: 0 (КРАСНЫЙ)
66: 3 (ЧЕТВЁРТЫЙ)
67: 0 (КРАСНЫЙ)
68: 0 (КРАСНЫЙ)
69: 2 (ЗЕЛЁНЫЙ)
70: 2 (ЗЕЛЁНЫЙ)
71: 1 (СИНИЙ)
72: 3 (ЧЕТВЁРТЫЙ)
73: 3 (ЧЕТВЁРТЫЙ)
74: 3 (ЧЕТВЁРТЫЙ)
75: 1 (СИНИЙ)
76: 2 (ЗЕЛЁНЫЙ)
77: 2 (ЗЕЛЁНЫЙ)
78: 0 (КРАСНЫЙ)
79: 3 (ЧЕТВЁРТЫЙ)
80: 3 (ЧЕТВЁРТЫЙ)
81: 2 (ЗЕЛЁНЫЙ)
82: 2 (ЗЕЛЁНЫЙ)
83: 1 (СИНИЙ)
84: 3 (ЧЕТВЁРТЫЙ)
85: 1 (СИНИЙ)
86: 1 (СИНИЙ)
87: 2 (ЗЕЛЁНЫЙ)
88: 2 (ЗЕЛЁНЫЙ)
89: 3 (ЧЕТВЁРТЫЙ)
90: 0 (КРАСНЫЙ)
91: 0 (КРАСНЫЙ)
92: 0 (КРАСНЫЙ)
93: 1 (СИНИЙ)
94: 2 (ЗЕЛЁНЫЙ)
95: 2 (ЗЕЛЁНЫЙ)
96: 0 (КРАСНЫЙ)
97: 0 (КРАСНЫЙ)
98: 0 (КРАСНЫЙ)
99: 3 (ЧЕТВЁРТЫЙ)

================================================================================
РЕЗУЛЬТАТ ПРОВЕРКИ
================================================================================
Всего рёбер: 294
Проверено рёбер: 294
Конфликты: НЕТ
OK: КОНФЛИКТОВ НЕТ! Раскраска корректна.
