Лог-файл раскраски графа
Граф: graph_100_070
Дата: 2026-09-21 10:28:54
Статус: УСПЕШНО
Время выполнения: 12.83 секунд
================================================================================

Загружен граф: 100 вершин, 294 рёбер
Имя графа: graph_100_070
Файл: graphs100\graph_100_070.json

================================================================================
ГРАФ
================================================================================
Всего вершин: 100
Всего рёбер: 294

Вершины:
0
1
2
3
4
5
6
7
8
9
10
11
12
13
14
15
16
17
18
19
20
21
22
23
24
25
26
27
28
29
30
31
32
33
34
35
36
37
38
39
40
41
42
43
44
45
46
47
48
49
50
51
52
53
54
55
56
57
58
59
60
61
62
63
64
65
66
67
68
69
70
71
72
73
74
75
76
77
78
79
80
81
82
83
84
85
86
87
88
89
90
91
92
93
94
95
96
97
98
99

Рёбра:
0 11
0 16
0 29
0 61
0 72
1 32
1 53
1 54
1 83
2 5
2 8
2 27
2 42
2 44
2 57
2 81
2 97
3 13
3 20
3 33
3 47
3 52
3 78
4 15
4 26
4 55
4 60
4 63
5 14
5 42
5 44
5 71
5 95
6 60
6 76
6 78
7 48
7 64
7 85
7 88
7 90
8 25
8 27
8 42
8 45
8 49
9 17
9 56
9 73
9 75
9 86
9 87
9 94
10 31
10 38
10 40
10 51
10 58
10 92
11 16
11 29
11 92
12 18
12 49
12 57
12 81
13 47
13 50
13 52
13 61
13 66
13 72
14 19
14 26
14 42
14 55
14 71
14 96
15 26
15 30
15 59
15 63
15 70
15 82
15 93
16 20
16 43
16 52
16 72
16 77
16 81
16 92
17 33
17 56
17 78
17 80
17 91
17 94
18 27
18 49
18 57
19 28
19 42
19 67
19 96
19 99
20 33
20 41
20 52
20 77
20 80
21 44
21 69
21 95
21 97
22 41
22 80
22 91
23 62
23 77
23 91
23 94
24 34
24 51
24 58
24 68
24 89
25 42
25 45
25 67
26 55
26 59
26 96
27 49
27 57
28 39
28 46
28 65
28 67
28 99
29 36
29 37
29 61
29 92
30 37
30 50
30 70
30 79
30 93
30 98
31 38
31 58
31 84
31 89
32 38
32 53
32 83
32 92
33 78
33 80
34 59
34 68
34 89
34 98
34 99
35 40
35 43
35 51
35 74
35 88
36 37
36 53
36 54
36 92
37 50
37 54
37 61
37 98
38 83
38 84
38 92
39 46
39 48
39 49
39 65
40 43
40 51
40 74
40 92
41 62
41 77
41 80
41 91
42 67
43 48
43 74
43 81
43 85
43 88
43 92
44 95
44 97
45 49
45 65
45 67
46 48
46 64
46 99
47 50
47 60
47 78
47 79
48 49
48 64
48 81
48 85
49 65
49 81
50 61
50 66
50 79
51 58
51 68
51 88
52 72
53 54
53 92
54 83
54 98
55 60
55 71
55 76
56 73
56 78
57 81
58 89
59 82
59 96
59 98
59 99
60 63
60 76
60 78
60 79
61 66
61 72
62 77
62 91
63 79
63 93
64 68
64 90
64 99
65 67
68 88
68 90
68 99
69 75
69 76
69 86
69 95
69 97
70 82
70 98
71 76
71 95
73 75
73 78
75 76
75 78
75 86
76 78
76 95
77 81
77 87
77 94
79 93
80 91
81 86
81 87
81 97
82 98
83 84
83 98
84 89
84 98
85 88
86 87
86 97
87 94
88 90
89 98
91 94
96 99

================================================================================
РАСКРАСКА ПО ВЕРШИНАМ
================================================================================
0: 1 (СИНИЙ)
1: 2 (ЗЕЛЁНЫЙ)
2: 0 (КРАСНЫЙ)
3: 3 (ЧЕТВЁРТЫЙ)
4: 0 (КРАСНЫЙ)
5: 1 (СИНИЙ)
6: 0 (КРАСНЫЙ)
7: 2 (ЗЕЛЁНЫЙ)
8: 3 (ЧЕТВЁРТЫЙ)
9: 3 (ЧЕТВЁРТЫЙ)
10: 0 (КРАСНЫЙ)
11: 2 (ЗЕЛЁНЫЙ)
12: 0 (КРАСНЫЙ)
13: 0 (КРАСНЫЙ)
14: 3 (ЧЕТВЁРТЫЙ)
15: 3 (ЧЕТВЁРТЫЙ)
16: 0 (КРАСНЫЙ)
17: 1 (СИНИЙ)
18: 3 (ЧЕТВЁРТЫЙ)
19: 0 (КРАСНЫЙ)
20: 1 (СИНИЙ)
21: 0 (КРАСНЫЙ)
22: 1 (СИНИЙ)
23: 3 (ЧЕТВЁРТЫЙ)
24: 3 (ЧЕТВЁРТЫЙ)
25: 0 (КРАСНЫЙ)
26: 1 (СИНИЙ)
27: 1 (СИНИЙ)
28: 1 (СИНИЙ)
29: 3 (ЧЕТВЁРТЫЙ)
30: 2 (ЗЕЛЁНЫЙ)
31: 1 (СИНИЙ)
32: 0 (КРАСНЫЙ)
33: 0 (КРАСНЫЙ)
34: 1 (СИНИЙ)
35: 0 (КРАСНЫЙ)
36: 2 (ЗЕЛЁНЫЙ)
37: 1 (СИНИЙ)
38: 3 (ЧЕТВЁРТЫЙ)
39: 3 (ЧЕТВЁРТЫЙ)
40: 3 (ЧЕТВЁРТЫЙ)
41: 0 (КРАСНЫЙ)
42: 2 (ЗЕЛЁНЫЙ)
43: 2 (ЗЕЛЁНЫЙ)
44: 3 (ЧЕТВЁРТЫЙ)
45: 1 (СИНИЙ)
46: 2 (ЗЕЛЁНЫЙ)
47: 1 (СИНИЙ)
48: 0 (КРАСНЫЙ)
49: 2 (ЗЕЛЁНЫЙ)
50: 3 (ЧЕТВЁРТЫЙ)
51: 1 (СИНИЙ)
52: 2 (ЗЕЛЁНЫЙ)
53: 3 (ЧЕТВЁРТЫЙ)
54: 0 (КРАСНЫЙ)
55: 2 (ЗЕЛЁНЫЙ)
56: 0 (КРАСНЫЙ)
57: 2 (ЗЕЛЁНЫЙ)
58: 2 (ЗЕЛЁНЫЙ)
59: 0 (КРАСНЫЙ)
60: 3 (ЧЕТВЁРТЫЙ)
61: 2 (ЗЕЛЁНЫЙ)
62: 1 (СИНИЙ)
63: 2 (ЗЕЛЁНЫЙ)
64: 1 (СИНИЙ)
65: 0 (КРАСНЫЙ)
66: 1 (СИНИЙ)
67: 3 (ЧЕТВЁРТЫЙ)
68: 2 (ЗЕЛЁНЫЙ)
69: 3 (ЧЕТВЁРТЫЙ)
70: 0 (КРАСНЫЙ)
71: 0 (КРАСНЫЙ)
72: 3 (ЧЕТВЁРТЫЙ)
73: 1 (СИНИЙ)
74: 1 (СИНИЙ)
75: 0 (КРАСНЫЙ)
76: 1 (СИНИЙ)
77: 2 (ЗЕЛЁНЫЙ)
78: 2 (ЗЕЛЁНЫЙ)
79: 0 (КРАСНЫЙ)
80: 3 (ЧЕТВЁРТЫЙ)
81: 3 (ЧЕТВЁРТЫЙ)
82: 1 (СИНИЙ)
83: 1 (СИНИЙ)
84: 2 (ЗЕЛЁНЫЙ)
85: 1 (СИНИЙ)
86: 2 (ЗЕЛЁНЫЙ)
87: 1 (СИНИЙ)
88: 3 (ЧЕТВЁРТЫЙ)
89: 0 (КРАСНЫЙ)
90: 0 (КРАСНЫЙ)
91: 2 (ЗЕЛЁНЫЙ)
92: 1 (СИНИЙ)
93: 1 (СИНИЙ)
94: 0 (КРАСНЫЙ)
95: 2 (ЗЕЛЁНЫЙ)
96: 2 (ЗЕЛЁНЫЙ)
97: 1 (СИНИЙ)
98: 3 (ЧЕТВЁРТЫЙ)
99: 3 (ЧЕТВЁРТЫЙ)

================================================================================
РЕЗУЛЬТАТ ПРОВЕРКИ
================================================================================
Всего рёбер: 294
Проверено рёбер: 294
Конфликты: НЕТ
OK: КОНФЛИКТОВ НЕТ! Раскраска корректна.
