Лог-файл раскраски графа
Граф: graph_100_069
Дата: 2026-09-21 10:28:41
Статус: УСПЕШНО
Время выполнения: 14.47 секунд
================================================================================

Загружен граф: 100 вершин, 294 рёбер
Имя графа: graph_100_069
Файл: graphs100\graph_100_069.json

================================================================================
ГРАФ
================================================================================
Всего вершин: 100
Всего рёбер: 294

Вершины:
0
1
2
3
4
5
6
7
8
9
10
11
12
13
14
15
16
17
18
19
20
21
22
23
24
25
26
27
28
29
30
31
32
33
34
35
36
37
38
39
40
41
42
43
44
45
46
47
48
49
50
51
52
53
54
55
56
57
58
59
60
61
62
63
64
65
66
67
68
69
70
71
72
73
74
75
76
77
78
79
80
81
82
83
84
85
86
87
88
89
90
91
92
93
94
95
96
97
98
99

Рёбра:
0 1
0 11
0 48
0 52
0 72
1 11
1 45
1 52
1 64
1 73
1 94
2 10
2 54
2 60
2 67
2 74
3 22
3 43
3 89
3 98
4 5
4 46
4 49
4 68
4 84
4 96
5 26
5 46
5 55
5 59
5 75
5 84
6 21
6 23
6 63
6 82
6 92
6 99
7 16
7 33
7 67
7 74
7 90
8 19
8 42
8 54
8 60
8 85
8 97
9 14
9 18
9 21
9 27
9 40
9 82
10 13
10 41
10 60
10 70
10 74
11 12
11 14
11 36
11 40
11 47
11 48
11 94
12 17
12 30
12 40
12 47
12 48
12 86
13 27
13 60
13 70
13 71
14 18
14 29
14 36
14 40
15 25
15 26
15 32
15 59
15 88
15 91
16 35
16 74
16 90
17 39
17 48
17 62
17 76
17 86
18 27
18 29
18 66
18 71
19 24
19 42
19 43
19 85
20 28
20 45
20 64
20 65
20 68
20 73
20 96
21 40
21 79
21 80
21 82
21 92
22 24
22 43
22 44
22 98
23 39
23 63
23 89
23 93
23 98
23 99
24 43
24 44
24 85
25 55
25 78
25 88
25 91
26 32
26 34
26 53
26 59
26 69
26 75
26 81
26 83
26 87
27 60
27 71
27 82
28 64
28 75
28 81
28 84
28 96
29 36
29 66
29 95
30 40
30 79
30 80
30 86
31 53
31 72
31 83
32 34
32 57
32 61
32 88
33 61
33 67
33 90
34 61
34 87
35 41
35 50
35 74
35 77
35 78
35 90
36 38
36 58
36 94
36 95
37 42
37 43
37 69
37 97
38 58
38 65
38 94
39 53
39 56
39 62
39 63
39 76
39 80
39 86
39 89
39 92
40 47
40 79
41 70
41 74
41 77
41 95
42 43
42 97
43 69
43 89
44 85
44 98
44 99
45 65
45 73
45 94
46 49
46 50
46 55
48 72
48 76
49 50
49 51
49 68
49 77
50 55
50 77
50 78
51 58
51 68
51 77
52 64
52 72
52 83
53 56
53 69
53 72
53 83
53 89
54 60
54 67
54 69
54 97
55 59
55 78
55 91
56 72
56 76
57 61
57 78
57 88
57 90
58 65
58 68
58 77
58 95
59 91
60 82
60 85
61 67
61 69
61 87
61 90
62 86
63 92
64 73
64 81
64 83
65 68
65 94
66 70
66 71
66 95
67 69
67 74
68 96
69 87
69 89
69 97
70 71
70 95
72 76
72 83
75 81
75 84
77 95
78 88
78 90
79 80
80 86
80 92
81 83
82 85
82 99
84 96
85 99
89 93
89 98
93 98
98 99

================================================================================
РАСКРАСКА ПО ВЕРШИНАМ
================================================================================
0: 0 (КРАСНЫЙ)
1: 1 (СИНИЙ)
2: 0 (КРАСНЫЙ)
3: 3 (ЧЕТВЁРТЫЙ)
4: 0 (КРАСНЫЙ)
5: 3 (ЧЕТВЁРТЫЙ)
6: 0 (КРАСНЫЙ)
7: 2 (ЗЕЛЁНЫЙ)
8: 0 (КРАСНЫЙ)
9: 0 (КРАСНЫЙ)
10: 1 (СИНИЙ)
11: 3 (ЧЕТВЁРТЫЙ)
12: 0 (КРАСНЫЙ)
13: 0 (КРАСНЫЙ)
14: 1 (СИНИЙ)
15: 1 (СИНИЙ)
16: 0 (КРАСНЫЙ)
17: 2 (ЗЕЛЁНЫЙ)
18: 3 (ЧЕТВЁРТЫЙ)
19: 1 (СИНИЙ)
20: 0 (КРАСНЫЙ)
21: 3 (ЧЕТВЁРТЫЙ)
22: 0 (КРАСНЫЙ)
23: 1 (СИНИЙ)
24: 3 (ЧЕТВЁРТЫЙ)
25: 3 (ЧЕТВЁРТЫЙ)
26: 2 (ЗЕЛЁНЫЙ)
27: 2 (ЗЕЛЁНЫЙ)
28: 2 (ЗЕЛЁНЫЙ)
29: 0 (КРАСНЫЙ)
30: 3 (ЧЕТВЁРТЫЙ)
31: 2 (ЗЕЛЁНЫЙ)
32: 3 (ЧЕТВЁРТЫЙ)
33: 0 (КРАСНЫЙ)
34: 0 (КРАСНЫЙ)
35: 1 (СИНИЙ)
36: 2 (ЗЕЛЁНЫЙ)
37: 0 (КРАСНЫЙ)
38: 1 (СИНИЙ)
39: 3 (ЧЕТВЁРТЫЙ)
40: 2 (ЗЕЛЁНЫЙ)
41: 0 (КРАСНЫЙ)
42: 3 (ЧЕТВЁРТЫЙ)
43: 2 (ЗЕЛЁНЫЙ)
44: 1 (СИНИЙ)
45: 3 (ЧЕТВЁРТЫЙ)
46: 2 (ЗЕЛЁНЫЙ)
47: 1 (СИНИЙ)
48: 1 (СИНИЙ)
49: 3 (ЧЕТВЁРТЫЙ)
50: 0 (КРАСНЫЙ)
51: 0 (КРАСНЫЙ)
52: 2 (ЗЕЛЁНЫЙ)
53: 1 (СИНИЙ)
54: 2 (ЗЕЛЁНЫЙ)
55: 1 (СИНИЙ)
56: 2 (ЗЕЛЁНЫЙ)
57: 1 (СИНИЙ)
58: 3 (ЧЕТВЁРТЫЙ)
59: 0 (КРАСНЫЙ)
60: 3 (ЧЕТВЁРТЫЙ)
61: 2 (ЗЕЛЁНЫЙ)
62: 0 (КРАСНЫЙ)
63: 2 (ЗЕЛЁНЫЙ)
64: 3 (ЧЕТВЁРТЫЙ)
65: 2 (ЗЕЛЁНЫЙ)
66: 2 (ЗЕЛЁНЫЙ)
67: 1 (СИНИЙ)
68: 1 (СИНИЙ)
69: 3 (ЧЕТВЁРТЫЙ)
70: 3 (ЧЕТВЁРТЫЙ)
71: 1 (СИНИЙ)
72: 3 (ЧЕТВЁРТЫЙ)
73: 2 (ЗЕЛЁНЫЙ)
74: 3 (ЧЕТВЁРТЫЙ)
75: 0 (КРАСНЫЙ)
76: 0 (КРАСНЫЙ)
77: 2 (ЗЕЛЁНЫЙ)
78: 2 (ЗЕЛЁНЫЙ)
79: 0 (КРАСНЫЙ)
80: 2 (ЗЕЛЁНЫЙ)
81: 1 (СИНИЙ)
82: 1 (СИНИЙ)
83: 0 (КРАСНЫЙ)
84: 1 (СИНИЙ)
85: 2 (ЗЕЛЁНЫЙ)
86: 1 (СИНИЙ)
87: 1 (СИНИЙ)
88: 0 (КРАСНЫЙ)
89: 0 (КРАСНЫЙ)
90: 3 (ЧЕТВЁРТЫЙ)
91: 2 (ЗЕЛЁНЫЙ)
92: 1 (СИНИЙ)
93: 3 (ЧЕТВЁРТЫЙ)
94: 0 (КРАСНЫЙ)
95: 1 (СИНИЙ)
96: 3 (ЧЕТВЁРТЫЙ)
97: 1 (СИНИЙ)
98: 2 (ЗЕЛЁНЫЙ)
99: 3 (ЧЕТВЁРТЫЙ)

================================================================================
РЕЗУЛЬТАТ ПРОВЕРКИ
================================================================================
Всего рёбер: 294
Проверено рёбер: 294
Конфликты: НЕТ
OK: КОНФЛИКТОВ НЕТ! Раскраска корректна.
