Лог-файл раскраски графа
Граф: graph_100_029
Дата: 2026-09-21 10:12:39
Статус: УСПЕШНО
Время выполнения: 11.47 секунд
================================================================================

Загружен граф: 100 вершин, 294 рёбер
Имя графа: graph_100_029
Файл: graphs100\graph_100_029.json

================================================================================
ГРАФ
================================================================================
Всего вершин: 100
Всего рёбер: 294

Вершины:
0
1
2
3
4
5
6
7
8
9
10
11
12
13
14
15
16
17
18
19
20
21
22
23
24
25
26
27
28
29
30
31
32
33
34
35
36
37
38
39
40
41
42
43
44
45
46
47
48
49
50
51
52
53
54
55
56
57
58
59
60
61
62
63
64
65
66
67
68
69
70
71
72
73
74
75
76
77
78
79
80
81
82
83
84
85
86
87
88
89
90
91
92
93
94
95
96
97
98
99

Рёбра:
0 41
0 66
0 79
0 82
1 5
1 37
1 57
1 75
1 88
2 26
2 28
2 40
2 53
2 61
2 64
2 68
3 4
3 9
3 11
3 20
3 29
3 36
3 52
3 59
4 36
4 45
4 51
4 59
4 69
4 73
5 8
5 15
5 24
5 75
5 88
6 30
6 37
6 84
6 87
6 99
7 48
7 65
7 86
8 15
8 18
8 24
8 26
8 28
8 56
9 11
9 36
9 74
9 89
9 90
10 22
10 37
10 57
10 87
11 23
11 29
11 74
12 16
12 40
12 60
12 63
12 68
12 72
13 14
13 31
13 51
13 81
14 41
14 42
14 51
14 54
14 81
15 17
15 56
15 71
15 75
16 60
16 64
16 68
17 37
17 49
17 71
17 75
18 20
18 24
18 28
18 52
18 60
18 63
19 32
19 35
19 38
19 61
19 70
19 94
19 95
20 24
20 29
20 43
20 52
21 22
21 24
21 29
21 43
22 24
22 29
22 57
22 87
22 88
23 29
23 39
23 74
23 93
23 96
24 43
24 88
25 46
25 62
25 66
25 82
25 86
25 92
26 28
26 34
26 55
26 56
26 61
27 33
27 46
27 92
27 96
28 60
28 64
29 39
29 43
29 87
30 34
30 84
30 98
30 99
31 32
31 35
31 40
31 48
31 51
31 53
31 72
31 73
31 81
32 35
32 53
32 61
33 39
33 46
33 96
34 55
34 56
34 98
34 99
35 38
35 48
35 65
36 45
36 90
37 49
37 57
37 71
37 75
37 87
37 99
38 44
38 47
38 65
38 95
39 46
39 67
39 77
39 78
39 87
39 91
39 96
39 97
40 53
40 68
40 72
41 54
41 79
41 81
41 82
42 51
42 54
42 58
42 69
44 47
44 65
44 67
44 80
44 97
45 58
45 69
45 90
46 62
46 67
46 92
47 94
47 95
47 97
48 65
48 81
48 82
48 86
49 71
50 76
50 79
50 85
50 93
50 96
51 69
51 73
52 59
52 63
52 72
53 61
54 58
54 79
54 85
55 61
55 70
55 98
56 71
56 99
57 88
58 69
58 76
58 85
58 90
59 72
59 73
60 63
60 64
61 70
62 67
62 80
62 86
63 72
64 68
65 80
65 86
66 79
66 82
66 92
66 96
67 78
67 80
67 97
70 94
70 98
71 99
72 73
74 89
74 93
76 85
76 89
76 90
76 93
77 83
77 87
77 91
78 97
79 85
79 96
80 86
81 82
82 86
83 84
83 87
83 91
83 98
84 87
84 98
89 90
89 93
91 94
91 97
91 98
92 96
93 96
94 95
94 97
94 98

================================================================================
РАСКРАСКА ПО ВЕРШИНАМ
================================================================================
0: 0 (КРАСНЫЙ)
1: 3 (ЧЕТВЁРТЫЙ)
2: 0 (КРАСНЫЙ)
3: 0 (КРАСНЫЙ)
4: 3 (ЧЕТВЁРТЫЙ)
5: 0 (КРАСНЫЙ)
6: 1 (СИНИЙ)
7: 2 (ЗЕЛЁНЫЙ)
8: 1 (СИНИЙ)
9: 3 (ЧЕТВЁРТЫЙ)
10: 1 (СИНИЙ)
11: 1 (СИНИЙ)
12: 3 (ЧЕТВЁРТЫЙ)
13: 2 (ЗЕЛЁНЫЙ)
14: 3 (ЧЕТВЁРТЫЙ)
15: 3 (ЧЕТВЁРТЫЙ)
16: 0 (КРАСНЫЙ)
17: 2 (ЗЕЛЁНЫЙ)
18: 0 (КРАСНЫЙ)
19: 3 (ЧЕТВЁРТЫЙ)
20: 1 (СИНИЙ)
21: 1 (СИНИЙ)
22: 0 (КРАСНЫЙ)
23: 3 (ЧЕТВЁРТЫЙ)
24: 3 (ЧЕТВЁРТЫЙ)
25: 0 (КРАСНЫЙ)
26: 3 (ЧЕТВЁРТЫЙ)
27: 0 (КРАСНЫЙ)
28: 2 (ЗЕЛЁНЫЙ)
29: 2 (ЗЕЛЁНЫЙ)
30: 0 (КРАСНЫЙ)
31: 3 (ЧЕТВЁРТЫЙ)
32: 0 (КРАСНЫЙ)
33: 3 (ЧЕТВЁРТЫЙ)
34: 1 (СИНИЙ)
35: 2 (ЗЕЛЁНЫЙ)
36: 1 (СИНИЙ)
37: 0 (КРАСНЫЙ)
38: 1 (СИНИЙ)
39: 0 (КРАСНЫЙ)
40: 1 (СИНИЙ)
41: 2 (ЗЕЛЁНЫЙ)
42: 2 (ЗЕЛЁНЫЙ)
43: 0 (КРАСНЫЙ)
44: 0 (КРАСНЫЙ)
45: 2 (ЗЕЛЁНЫЙ)
46: 2 (ЗЕЛЁНЫЙ)
47: 2 (ЗЕЛЁНЫЙ)
48: 0 (КРАСНЫЙ)
49: 3 (ЧЕТВЁРТЫЙ)
50: 1 (СИНИЙ)
51: 0 (КРАСНЫЙ)
52: 3 (ЧЕТВЁРТЫЙ)
53: 2 (ЗЕЛЁНЫЙ)
54: 1 (СИНИЙ)
55: 0 (КРАСНЫЙ)
56: 0 (КРАСНЫЙ)
57: 2 (ЗЕЛЁНЫЙ)
58: 3 (ЧЕТВЁРТЫЙ)
59: 1 (СИНИЙ)
60: 1 (СИНИЙ)
61: 1 (СИНИЙ)
62: 3 (ЧЕТВЁРТЫЙ)
63: 2 (ЗЕЛЁНЫЙ)
64: 3 (ЧЕТВЁРТЫЙ)
65: 3 (ЧЕТВЁРТЫЙ)
66: 1 (СИНИЙ)
67: 1 (СИНИЙ)
68: 2 (ЗЕЛЁНЫЙ)
69: 1 (СИНИЙ)
70: 2 (ЗЕЛЁНЫЙ)
71: 1 (СИНИЙ)
72: 0 (КРАСНЫЙ)
73: 2 (ЗЕЛЁНЫЙ)
74: 2 (ЗЕЛЁНЫЙ)
75: 1 (СИНИЙ)
76: 2 (ЗЕЛЁНЫЙ)
77: 1 (СИНИЙ)
78: 2 (ЗЕЛЁНЫЙ)
79: 3 (ЧЕТВЁРТЫЙ)
80: 2 (ЗЕЛЁНЫЙ)
81: 1 (СИНИЙ)
82: 3 (ЧЕТВЁРТЫЙ)
83: 0 (КРАСНЫЙ)
84: 2 (ЗЕЛЁНЫЙ)
85: 0 (КРАСНЫЙ)
86: 1 (СИНИЙ)
87: 3 (ЧЕТВЁРТЫЙ)
88: 1 (СИНИЙ)
89: 1 (СИНИЙ)
90: 0 (КРАСНЫЙ)
91: 2 (ЗЕЛЁНЫЙ)
92: 3 (ЧЕТВЁРТЫЙ)
93: 0 (КРАСНЫЙ)
94: 1 (СИНИЙ)
95: 0 (КРАСНЫЙ)
96: 2 (ЗЕЛЁНЫЙ)
97: 3 (ЧЕТВЁРТЫЙ)
98: 3 (ЧЕТВЁРТЫЙ)
99: 3 (ЧЕТВЁРТЫЙ)

================================================================================
РЕЗУЛЬТАТ ПРОВЕРКИ
================================================================================
Всего рёбер: 294
Проверено рёбер: 294
Конфликты: НЕТ
OK: КОНФЛИКТОВ НЕТ! Раскраска корректна.
