Лог-файл раскраски графа
Граф: graph_100_039
Дата: 2026-09-21 10:17:22
Статус: УСПЕШНО
Время выполнения: 12.42 секунд
================================================================================

Загружен граф: 100 вершин, 294 рёбер
Имя графа: graph_100_039
Файл: graphs100\graph_100_039.json

================================================================================
ГРАФ
================================================================================
Всего вершин: 100
Всего рёбер: 294

Вершины:
0
1
2
3
4
5
6
7
8
9
10
11
12
13
14
15
16
17
18
19
20
21
22
23
24
25
26
27
28
29
30
31
32
33
34
35
36
37
38
39
40
41
42
43
44
45
46
47
48
49
50
51
52
53
54
55
56
57
58
59
60
61
62
63
64
65
66
67
68
69
70
71
72
73
74
75
76
77
78
79
80
81
82
83
84
85
86
87
88
89
90
91
92
93
94
95
96
97
98
99

Рёбра:
0 9
0 12
0 17
0 30
0 46
0 72
0 95
1 11
1 31
1 32
1 41
1 69
2 15
2 17
2 42
2 64
2 86
2 88
3 20
3 42
3 64
3 82
4 5
4 9
4 21
4 30
4 51
4 61
4 63
5 7
5 51
5 63
6 32
6 37
6 45
6 55
6 73
6 87
7 51
7 63
7 74
7 75
7 98
8 13
8 41
8 52
8 68
8 94
9 30
9 61
9 72
10 16
10 19
10 25
10 26
10 29
10 39
11 27
11 32
11 41
11 52
11 73
12 30
12 46
12 59
12 63
12 76
13 14
13 41
13 67
13 68
13 70
14 54
14 67
14 68
14 99
15 17
15 40
15 49
15 85
15 87
15 88
15 95
16 26
16 29
16 76
16 90
17 46
17 48
17 86
17 95
18 21
18 61
18 72
18 95
19 25
19 39
19 47
20 42
20 82
20 83
20 92
21 40
21 51
21 61
21 74
21 95
22 25
22 47
22 57
22 83
22 93
23 31
23 53
23 66
23 67
23 91
24 28
24 35
24 60
24 71
24 97
25 26
25 47
25 89
25 93
26 43
26 76
26 89
27 52
27 73
27 79
27 88
27 94
28 60
28 66
28 78
28 91
28 97
29 39
29 90
30 63
31 33
31 41
31 53
31 67
31 69
31 70
32 45
32 69
32 73
33 53
33 69
33 90
33 98
34 58
34 74
34 96
34 98
35 36
35 50
35 60
35 62
35 71
36 50
36 62
36 82
36 84
37 45
37 55
37 81
38 48
38 59
38 77
38 89
38 92
38 93
39 47
39 90
40 44
40 65
40 74
40 85
40 95
41 52
41 70
42 48
42 64
42 86
42 92
43 59
43 76
43 77
43 89
44 49
44 65
44 85
44 96
45 69
45 81
46 48
46 59
47 53
47 57
47 90
48 59
48 86
48 92
49 55
49 85
49 87
49 96
50 71
50 82
51 74
52 94
53 57
53 66
53 90
54 62
54 67
54 99
55 81
55 87
55 96
56 57
56 71
56 80
56 83
56 97
57 66
57 80
57 83
58 65
58 74
58 96
59 76
59 77
60 62
60 67
60 91
61 72
62 67
62 84
62 99
63 75
63 76
63 90
64 82
64 84
64 88
64 94
65 74
65 96
66 78
66 80
66 91
67 70
67 91
68 94
68 99
69 81
69 98
71 82
71 83
71 97
72 95
73 79
73 87
74 98
75 90
75 98
76 90
77 89
78 80
78 97
79 87
79 88
80 97
81 96
81 98
82 83
82 84
83 92
83 93
84 94
84 99
87 88
88 94
89 93
90 98
92 93
94 99
96 98

================================================================================
РАСКРАСКА ПО ВЕРШИНАМ
================================================================================
0: 3 (ЧЕТВЁРТЫЙ)
1: 2 (ЗЕЛЁНЫЙ)
2: 2 (ЗЕЛЁНЫЙ)
3: 2 (ЗЕЛЁНЫЙ)
4: 3 (ЧЕТВЁРТЫЙ)
5: 0 (КРАСНЫЙ)
6: 1 (СИНИЙ)
7: 3 (ЧЕТВЁРТЫЙ)
8: 1 (СИНИЙ)
9: 0 (КРАСНЫЙ)
10: 3 (ЧЕТВЁРТЫЙ)
11: 0 (КРАСНЫЙ)
12: 0 (КРАСНЫЙ)
13: 0 (КРАСНЫЙ)
14: 1 (СИНИЙ)
15: 0 (КРАСНЫЙ)
16: 0 (КРАСНЫЙ)
17: 1 (СИНИЙ)
18: 3 (ЧЕТВЁРТЫЙ)
19: 1 (СИНИЙ)
20: 3 (ЧЕТВЁРТЫЙ)
21: 0 (КРАСНЫЙ)
22: 0 (КРАСНЫЙ)
23: 1 (СИНИЙ)
24: 0 (КРАСНЫЙ)
25: 2 (ЗЕЛЁНЫЙ)
26: 1 (СИНИЙ)
27: 3 (ЧЕТВЁРТЫЙ)
28: 2 (ЗЕЛЁНЫЙ)
29: 2 (ЗЕЛЁНЫЙ)
30: 1 (СИНИЙ)
31: 0 (КРАСНЫЙ)
32: 3 (ЧЕТВЁРТЫЙ)
33: 3 (ЧЕТВЁРТЫЙ)
34: 3 (ЧЕТВЁРТЫЙ)
35: 3 (ЧЕТВЁРТЫЙ)
36: 1 (СИНИЙ)
37: 2 (ЗЕЛЁНЫЙ)
38: 2 (ЗЕЛЁНЫЙ)
39: 0 (КРАСНЫЙ)
40: 3 (ЧЕТВЁРТЫЙ)
41: 3 (ЧЕТВЁРТЫЙ)
42: 1 (СИНИЙ)
43: 2 (ЗЕЛЁНЫЙ)
44: 0 (КРАСНЫЙ)
45: 0 (КРАСНЫЙ)
46: 2 (ЗЕЛЁНЫЙ)
47: 3 (ЧЕТВЁРТЫЙ)
48: 3 (ЧЕТВЁРТЫЙ)
49: 2 (ЗЕЛЁНЫЙ)
50: 2 (ЗЕЛЁНЫЙ)
51: 2 (ЗЕЛЁНЫЙ)
52: 2 (ЗЕЛЁНЫЙ)
53: 2 (ЗЕЛЁНЫЙ)
54: 2 (ЗЕЛЁНЫЙ)
55: 0 (КРАСНЫЙ)
56: 0 (КРАСНЫЙ)
57: 1 (СИНИЙ)
58: 0 (КРАСНЫЙ)
59: 1 (СИНИЙ)
60: 1 (СИНИЙ)
61: 2 (ЗЕЛЁНЫЙ)
62: 0 (КРАСНЫЙ)
63: 2 (ЗЕЛЁНЫЙ)
64: 3 (ЧЕТВЁРТЫЙ)
65: 2 (ЗЕЛЁНЫЙ)
66: 3 (ЧЕТВЁРТЫЙ)
67: 3 (ЧЕТВЁРТЫЙ)
68: 2 (ЗЕЛЁНЫЙ)
69: 1 (СИНИЙ)
70: 1 (СИНИЙ)
71: 1 (СИНИЙ)
72: 1 (СИНИЙ)
73: 2 (ЗЕЛЁНЫЙ)
74: 1 (СИНИЙ)
75: 0 (КРАСНЫЙ)
76: 3 (ЧЕТВЁРТЫЙ)
77: 3 (ЧЕТВЁРТЫЙ)
78: 0 (КРАСНЫЙ)
79: 0 (КРАСНЫЙ)
80: 2 (ЗЕЛЁНЫЙ)
81: 3 (ЧЕТВЁРТЫЙ)
82: 0 (КРАСНЫЙ)
83: 2 (ЗЕЛЁНЫЙ)
84: 2 (ЗЕЛЁНЫЙ)
85: 1 (СИНИЙ)
86: 0 (КРАСНЫЙ)
87: 3 (ЧЕТВЁРТЫЙ)
88: 1 (СИНИЙ)
89: 0 (КРАСНЫЙ)
90: 1 (СИНИЙ)
91: 0 (КРАСНЫЙ)
92: 0 (КРАСНЫЙ)
93: 3 (ЧЕТВЁРТЫЙ)
94: 0 (КРАСНЫЙ)
95: 2 (ЗЕЛЁНЫЙ)
96: 1 (СИНИЙ)
97: 3 (ЧЕТВЁРТЫЙ)
98: 2 (ЗЕЛЁНЫЙ)
99: 3 (ЧЕТВЁРТЫЙ)

================================================================================
РЕЗУЛЬТАТ ПРОВЕРКИ
================================================================================
Всего рёбер: 294
Проверено рёбер: 294
Конфликты: НЕТ
OK: КОНФЛИКТОВ НЕТ! Раскраска корректна.
