Лог-файл раскраски графа
Граф: graph_100_087
Дата: 2026-09-21 10:35:50
Статус: УСПЕШНО
Время выполнения: 13.93 секунд
================================================================================

Загружен граф: 100 вершин, 294 рёбер
Имя графа: graph_100_087
Файл: graphs100\graph_100_087.json

================================================================================
ГРАФ
================================================================================
Всего вершин: 100
Всего рёбер: 294

Вершины:
0
1
2
3
4
5
6
7
8
9
10
11
12
13
14
15
16
17
18
19
20
21
22
23
24
25
26
27
28
29
30
31
32
33
34
35
36
37
38
39
40
41
42
43
44
45
46
47
48
49
50
51
52
53
54
55
56
57
58
59
60
61
62
63
64
65
66
67
68
69
70
71
72
73
74
75
76
77
78
79
80
81
82
83
84
85
86
87
88
89
90
91
92
93
94
95
96
97
98
99

Рёбра:
0 19
0 43
0 57
0 83
0 88
0 97
1 9
1 12
1 17
1 47
1 56
1 62
1 73
2 16
2 19
2 35
2 52
2 66
2 77
2 86
2 88
2 98
3 23
3 53
3 59
3 61
3 65
3 68
3 72
4 24
4 44
4 60
4 69
4 74
5 20
5 25
5 64
5 71
5 79
5 80
5 96
5 99
6 31
6 32
6 39
6 46
6 54
6 85
6 95
7 65
7 72
7 76
7 86
7 98
8 30
8 31
8 81
8 85
8 94
9 12
9 56
10 14
10 21
10 36
10 51
10 54
10 64
10 84
10 96
11 31
11 46
11 48
11 81
11 90
12 15
12 17
12 40
12 56
13 16
13 38
13 49
13 88
14 21
14 30
14 54
14 85
15 17
15 18
15 25
15 40
16 38
16 52
16 88
17 25
17 73
17 79
18 25
18 40
18 41
18 99
19 65
19 86
19 88
19 97
20 28
20 42
20 50
20 53
20 55
20 71
20 80
21 29
21 30
21 84
21 87
21 94
22 35
22 63
22 66
22 78
22 82
23 27
23 43
23 53
23 59
23 60
23 83
24 44
24 56
24 60
24 75
25 79
25 99
26 48
26 49
26 58
26 70
26 77
27 43
27 57
27 60
27 75
28 42
28 50
28 93
29 84
29 87
30 85
30 94
31 46
31 81
31 85
32 39
32 46
32 92
33 36
33 51
33 61
33 68
33 76
33 98
34 55
34 71
34 89
34 96
35 37
35 66
35 82
35 91
35 98
36 37
36 51
36 54
36 95
36 98
37 91
37 95
37 98
38 49
38 52
38 77
39 82
39 92
39 95
40 41
40 48
40 56
40 87
40 90
40 94
41 87
41 99
42 45
42 53
42 74
42 93
43 57
43 83
44 45
44 56
44 74
45 47
45 56
45 62
45 74
45 93
46 48
46 92
47 50
47 62
47 73
47 93
48 49
48 56
48 70
48 78
48 90
48 92
49 56
49 77
49 88
50 73
50 79
50 80
50 93
51 68
51 89
51 96
52 77
53 55
53 60
53 68
53 74
54 85
54 95
55 68
55 71
55 89
56 57
56 62
56 67
56 75
56 88
57 67
57 75
57 88
58 63
58 66
58 70
58 77
59 65
59 83
59 97
60 69
60 74
60 75
61 68
61 72
61 76
63 66
63 70
63 78
64 84
64 96
64 99
65 72
65 86
65 97
66 77
67 75
68 89
69 74
70 78
71 96
72 76
73 79
76 98
78 82
78 92
79 80
81 90
81 94
82 91
82 92
82 95
83 97
84 87
84 99
86 98
87 94
87 99
89 96
90 94
91 95

================================================================================
РАСКРАСКА ПО ВЕРШИНАМ
================================================================================
0: 0 (КРАСНЫЙ)
1: 0 (КРАСНЫЙ)
2: 0 (КРАСНЫЙ)
3: 3 (ЧЕТВЁРТЫЙ)
4: 0 (КРАСНЫЙ)
5: 0 (КРАСНЫЙ)
6: 0 (КРАСНЫЙ)
7: 3 (ЧЕТВЁРТЫЙ)
8: 3 (ЧЕТВЁРТЫЙ)
9: 3 (ЧЕТВЁРТЫЙ)
10: 0 (КРАСНЫЙ)
11: 3 (ЧЕТВЁРТЫЙ)
12: 1 (СИНИЙ)
13: 2 (ЗЕЛЁНЫЙ)
14: 1 (СИНИЙ)
15: 0 (КРАСНЫЙ)
16: 3 (ЧЕТВЁРТЫЙ)
17: 3 (ЧЕТВЁРТЫЙ)
18: 1 (СИНИЙ)
19: 3 (ЧЕТВЁРТЫЙ)
20: 1 (СИНИЙ)
21: 3 (ЧЕТВЁРТЫЙ)
22: 0 (КРАСНЫЙ)
23: 0 (КРАСНЫЙ)
24: 1 (СИНИЙ)
25: 2 (ЗЕЛЁНЫЙ)
26: 0 (КРАСНЫЙ)
27: 1 (СИНИЙ)
28: 0 (КРАСНЫЙ)
29: 1 (СИНИЙ)
30: 0 (КРАСНЫЙ)
31: 1 (СИНИЙ)
32: 3 (ЧЕТВЁРТЫЙ)
33: 3 (ЧЕТВЁРТЫЙ)
34: 1 (СИНИЙ)
35: 1 (СИНИЙ)
36: 1 (СИНИЙ)
37: 3 (ЧЕТВЁРТЫЙ)
38: 0 (КРАСНЫЙ)
39: 1 (СИНИЙ)
40: 3 (ЧЕТВЁРТЫЙ)
41: 2 (ЗЕЛЁНЫЙ)
42: 3 (ЧЕТВЁРТЫЙ)
43: 2 (ЗЕЛЁНЫЙ)
44: 3 (ЧЕТВЁРТЫЙ)
45: 0 (КРАСНЫЙ)
46: 2 (ЗЕЛЁНЫЙ)
47: 1 (СИНИЙ)
48: 1 (СИНИЙ)
49: 3 (ЧЕТВЁРТЫЙ)
50: 3 (ЧЕТВЁРТЫЙ)
51: 2 (ЗЕЛЁНЫЙ)
52: 2 (ЗЕЛЁНЫЙ)
53: 2 (ЗЕЛЁНЫЙ)
54: 3 (ЧЕТВЁРТЫЙ)
55: 3 (ЧЕТВЁРТЫЙ)
56: 2 (ЗЕЛЁНЫЙ)
57: 3 (ЧЕТВЁРТЫЙ)
58: 2 (ЗЕЛЁНЫЙ)
59: 1 (СИНИЙ)
60: 3 (ЧЕТВЁРТЫЙ)
61: 0 (КРАСНЫЙ)
62: 3 (ЧЕТВЁРТЫЙ)
63: 1 (СИНИЙ)
64: 1 (СИНИЙ)
65: 0 (КРАСНЫЙ)
66: 3 (ЧЕТВЁРТЫЙ)
67: 1 (СИНИЙ)
68: 1 (СИНИЙ)
69: 2 (ЗЕЛЁНЫЙ)
70: 3 (ЧЕТВЁРТЫЙ)
71: 2 (ЗЕЛЁНЫЙ)
72: 2 (ЗЕЛЁНЫЙ)
73: 2 (ЗЕЛЁНЫЙ)
74: 1 (СИНИЙ)
75: 0 (КРАСНЫЙ)
76: 1 (СИНИЙ)
77: 1 (СИНИЙ)
78: 2 (ЗЕЛЁНЫЙ)
79: 1 (СИНИЙ)
80: 2 (ЗЕЛЁНЫЙ)
81: 0 (КРАСНЫЙ)
82: 3 (ЧЕТВЁРТЫЙ)
83: 3 (ЧЕТВЁРТЫЙ)
84: 2 (ЗЕЛЁНЫЙ)
85: 2 (ЗЕЛЁНЫЙ)
86: 1 (СИНИЙ)
87: 0 (КРАСНЫЙ)
88: 1 (СИНИЙ)
89: 0 (КРАСНЫЙ)
90: 2 (ЗЕЛЁНЫЙ)
91: 0 (КРАСНЫЙ)
92: 0 (КРАСНЫЙ)
93: 2 (ЗЕЛЁНЫЙ)
94: 1 (СИНИЙ)
95: 2 (ЗЕЛЁНЫЙ)
96: 3 (ЧЕТВЁРТЫЙ)
97: 2 (ЗЕЛЁНЫЙ)
98: 2 (ЗЕЛЁНЫЙ)
99: 3 (ЧЕТВЁРТЫЙ)

================================================================================
РЕЗУЛЬТАТ ПРОВЕРКИ
================================================================================
Всего рёбер: 294
Проверено рёбер: 294
Конфликты: НЕТ
OK: КОНФЛИКТОВ НЕТ! Раскраска корректна.
