Лог-файл раскраски графа
Граф: graph_100_058
Дата: 2026-09-21 10:23:06
Статус: УСПЕШНО
Время выполнения: 13.56 секунд
================================================================================

Загружен граф: 100 вершин, 294 рёбер
Имя графа: graph_100_058
Файл: graphs100\graph_100_058.json

================================================================================
ГРАФ
================================================================================
Всего вершин: 100
Всего рёбер: 294

Вершины:
0
1
2
3
4
5
6
7
8
9
10
11
12
13
14
15
16
17
18
19
20
21
22
23
24
25
26
27
28
29
30
31
32
33
34
35
36
37
38
39
40
41
42
43
44
45
46
47
48
49
50
51
52
53
54
55
56
57
58
59
60
61
62
63
64
65
66
67
68
69
70
71
72
73
74
75
76
77
78
79
80
81
82
83
84
85
86
87
88
89
90
91
92
93
94
95
96
97
98
99

Рёбра:
0 11
0 16
0 17
0 44
0 72
1 27
1 37
1 53
1 61
1 88
2 8
2 15
2 21
2 65
3 15
3 16
3 17
3 35
3 46
3 97
4 9
4 24
4 40
4 56
4 57
4 59
5 7
5 22
5 34
5 42
5 79
5 83
6 46
6 64
6 87
6 91
6 93
6 95
7 22
7 51
7 62
7 79
7 84
8 21
8 43
8 65
8 84
9 30
9 57
9 59
9 96
10 35
10 46
10 66
10 70
11 16
11 18
11 31
11 34
11 44
11 58
12 41
12 49
12 55
12 70
12 89
12 92
13 38
13 47
13 60
13 94
14 20
14 50
14 53
14 61
14 85
14 88
14 90
15 16
15 21
15 35
15 37
15 50
15 65
15 85
16 17
16 34
16 43
16 65
17 72
17 97
18 31
18 58
18 81
18 86
19 57
19 76
19 80
19 87
19 99
20 35
20 55
20 85
20 90
20 92
21 37
21 38
21 47
21 67
21 84
21 94
22 33
22 39
22 42
22 62
22 68
23 24
23 77
23 78
23 80
23 99
24 40
24 57
24 77
24 80
25 26
25 39
25 59
25 68
25 69
25 73
25 74
26 45
26 48
26 59
26 69
27 37
27 38
27 61
27 71
28 40
28 56
28 77
28 78
28 98
29 30
29 46
29 49
29 64
29 66
29 89
30 45
30 49
30 52
30 59
30 64
30 82
30 91
30 96
31 34
31 42
31 86
32 33
32 39
32 63
32 73
32 74
33 39
33 42
33 54
33 63
34 42
34 43
34 83
35 46
35 55
35 70
35 85
36 52
36 76
36 82
36 93
36 96
37 38
37 50
37 53
38 60
38 71
38 94
39 68
39 74
40 56
40 77
41 49
41 90
41 92
42 54
42 86
43 65
43 83
43 84
44 58
44 72
44 81
44 87
44 95
45 48
45 49
45 59
45 60
45 61
45 71
46 64
46 66
46 95
46 97
47 60
47 67
47 94
48 51
48 60
48 62
48 69
48 75
49 61
49 89
49 90
50 53
50 85
51 62
51 75
51 84
52 82
52 96
53 88
54 63
54 78
54 86
54 98
54 99
55 70
55 92
56 59
56 73
56 98
57 76
57 80
57 96
58 81
59 73
60 67
60 71
60 75
61 71
61 88
61 90
62 68
62 69
63 73
63 98
64 91
66 70
66 89
67 75
67 84
68 69
70 89
72 95
72 97
73 74
73 98
75 84
76 87
76 93
76 96
77 78
78 98
78 99
79 83
79 84
80 99
81 86
81 87
81 99
82 91
82 93
83 84
86 99
87 93
87 95
87 99
90 92
91 93
95 97

================================================================================
РАСКРАСКА ПО ВЕРШИНАМ
================================================================================
0: 0 (КРАСНЫЙ)
1: 3 (ЧЕТВЁРТЫЙ)
2: 2 (ЗЕЛЁНЫЙ)
3: 0 (КРАСНЫЙ)
4: 3 (ЧЕТВЁРТЫЙ)
5: 1 (СИНИЙ)
6: 3 (ЧЕТВЁРТЫЙ)
7: 3 (ЧЕТВЁРТЫЙ)
8: 3 (ЧЕТВЁРТЫЙ)
9: 0 (КРАСНЫЙ)
10: 0 (КРАСНЫЙ)
11: 1 (СИНИЙ)
12: 3 (ЧЕТВЁРТЫЙ)
13: 0 (КРАСНЫЙ)
14: 0 (КРАСНЫЙ)
15: 1 (СИНИЙ)
16: 3 (ЧЕТВЁРТЫЙ)
17: 1 (СИНИЙ)
18: 3 (ЧЕТВЁРТЫЙ)
19: 0 (КРАСНЫЙ)
20: 1 (СИНИЙ)
21: 0 (КРАСНЫЙ)
22: 2 (ЗЕЛЁНЫЙ)
23: 1 (СИНИЙ)
24: 0 (КРАСНЫЙ)
25: 3 (ЧЕТВЁРТЫЙ)
26: 1 (СИНИЙ)
27: 0 (КРАСНЫЙ)
28: 0 (КРАСНЫЙ)
29: 0 (КРАСНЫЙ)
30: 3 (ЧЕТВЁРТЫЙ)
31: 2 (ЗЕЛЁНЫЙ)
32: 3 (ЧЕТВЁРТЫЙ)
33: 0 (КРАСНЫЙ)
34: 0 (КРАСНЫЙ)
35: 3 (ЧЕТВЁРТЫЙ)
36: 1 (СИНИЙ)
37: 2 (ЗЕЛЁНЫЙ)
38: 3 (ЧЕТВЁРТЫЙ)
39: 1 (СИНИЙ)
40: 2 (ЗЕЛЁНЫЙ)
41: 0 (КРАСНЫЙ)
42: 3 (ЧЕТВЁРТЫЙ)
43: 2 (ЗЕЛЁНЫЙ)
44: 3 (ЧЕТВЁРТЫЙ)
45: 0 (КРАСНЫЙ)
46: 1 (СИНИЙ)
47: 2 (ЗЕЛЁНЫЙ)
48: 3 (ЧЕТВЁРТЫЙ)
49: 2 (ЗЕЛЁНЫЙ)
50: 3 (ЧЕТВЁРТЫЙ)
51: 0 (КРАСНЫЙ)
52: 0 (КРАСНЫЙ)
53: 1 (СИНИЙ)
54: 1 (СИНИЙ)
55: 0 (КРАСНЫЙ)
56: 1 (СИНИЙ)
57: 1 (СИНИЙ)
58: 0 (КРАСНЫЙ)
59: 2 (ЗЕЛЁНЫЙ)
60: 1 (СИНИЙ)
61: 1 (СИНИЙ)
62: 1 (СИНИЙ)
63: 2 (ЗЕЛЁНЫЙ)
64: 2 (ЗЕЛЁНЫЙ)
65: 0 (КРАСНЫЙ)
66: 3 (ЧЕТВЁРТЫЙ)
67: 3 (ЧЕТВЁРТЫЙ)
68: 0 (КРАСНЫЙ)
69: 2 (ЗЕЛЁНЫЙ)
70: 2 (ЗЕЛЁНЫЙ)
71: 2 (ЗЕЛЁНЫЙ)
72: 2 (ЗЕЛЁНЫЙ)
73: 0 (КРАСНЫЙ)
74: 2 (ЗЕЛЁНЫЙ)
75: 2 (ЗЕЛЁНЫЙ)
76: 3 (ЧЕТВЁРТЫЙ)
77: 3 (ЧЕТВЁРТЫЙ)
78: 2 (ЗЕЛЁНЫЙ)
79: 0 (КРАСНЫЙ)
80: 2 (ЗЕЛЁНЫЙ)
81: 2 (ЗЕЛЁНЫЙ)
82: 2 (ЗЕЛЁНЫЙ)
83: 3 (ЧЕТВЁРТЫЙ)
84: 1 (СИНИЙ)
85: 2 (ЗЕЛЁНЫЙ)
86: 0 (КРАСНЫЙ)
87: 1 (СИНИЙ)
88: 2 (ЗЕЛЁНЫЙ)
89: 1 (СИНИЙ)
90: 3 (ЧЕТВЁРТЫЙ)
91: 1 (СИНИЙ)
92: 2 (ЗЕЛЁНЫЙ)
93: 0 (КРАСНЫЙ)
94: 1 (СИНИЙ)
95: 0 (КРАСНЫЙ)
96: 2 (ЗЕЛЁНЫЙ)
97: 3 (ЧЕТВЁРТЫЙ)
98: 3 (ЧЕТВЁРТЫЙ)
99: 3 (ЧЕТВЁРТЫЙ)

================================================================================
РЕЗУЛЬТАТ ПРОВЕРКИ
================================================================================
Всего рёбер: 294
Проверено рёбер: 294
Конфликты: НЕТ
OK: КОНФЛИКТОВ НЕТ! Раскраска корректна.
