Лог-файл раскраски графа
Граф: graph_100_034
Дата: 2026-09-21 10:16:24
Статус: НЕ УДАЛОСЬ
Время выполнения: 9.24 секунд
================================================================================

Загружен граф: 100 вершин, 294 рёбер
Имя графа: graph_100_034
Файл: graphs100\graph_100_034.json

================================================================================
ГРАФ
================================================================================
Всего вершин: 100
Всего рёбер: 294

Вершины:
0
1
2
3
4
5
6
7
8
9
10
11
12
13
14
15
16
17
18
19
20
21
22
23
24
25
26
27
28
29
30
31
32
33
34
35
36
37
38
39
40
41
42
43
44
45
46
47
48
49
50
51
52
53
54
55
56
57
58
59
60
61
62
63
64
65
66
67
68
69
70
71
72
73
74
75
76
77
78
79
80
81
82
83
84
85
86
87
88
89
90
91
92
93
94
95
96
97
98
99

Рёбра:
0 2
0 5
0 37
0 47
0 96
1 22
1 30
1 37
1 47
1 91
2 5
2 60
2 62
2 66
2 73
2 95
2 96
3 4
3 9
3 14
3 20
3 49
3 65
3 93
4 65
4 77
4 93
4 98
5 30
5 37
5 62
5 80
5 89
6 7
6 17
6 24
6 56
6 59
6 68
6 78
6 88
6 97
7 34
7 50
7 68
7 72
7 97
8 22
8 29
8 40
8 51
8 83
9 20
9 27
9 65
9 67
10 19
10 24
10 39
10 58
10 59
10 79
10 99
11 39
11 48
11 58
11 92
11 93
12 13
12 33
12 35
12 36
12 71
13 31
13 36
13 41
13 71
13 85
13 94
14 20
14 32
14 49
14 86
15 22
15 64
15 77
15 91
15 93
16 34
16 38
16 44
16 55
17 24
17 54
17 56
17 74
18 28
18 38
18 50
18 72
18 76
19 24
19 54
19 74
19 79
20 27
20 32
20 42
20 84
21 33
21 35
21 36
21 41
21 75
21 85
21 88
22 29
22 40
22 47
22 53
22 91
22 93
23 26
23 45
23 52
23 81
23 90
23 94
24 54
24 59
25 63
25 70
25 82
26 32
26 45
26 52
26 84
26 86
26 87
27 42
27 67
27 69
28 40
28 46
28 53
28 72
28 76
28 78
28 97
29 43
29 47
29 83
30 37
30 80
30 91
31 39
31 56
31 57
31 75
31 79
31 85
31 90
31 94
32 84
32 86
33 35
33 42
33 71
33 88
34 38
34 44
34 50
34 68
35 36
36 41
37 47
38 50
38 55
38 76
39 45
39 58
39 79
39 81
39 87
39 90
39 92
40 46
40 51
40 53
41 85
42 52
42 69
42 70
42 71
42 84
42 88
43 47
43 60
43 83
43 95
43 96
44 55
44 68
44 88
45 81
45 87
46 51
46 73
46 76
46 83
47 96
48 53
48 58
48 59
48 78
48 93
48 99
49 86
49 87
49 92
49 93
50 72
51 83
52 71
52 84
52 94
53 78
53 93
54 74
55 76
55 88
56 57
56 74
56 79
56 88
57 75
57 88
58 99
59 78
59 99
60 73
60 83
60 95
61 62
61 65
61 89
61 98
62 63
62 65
62 66
62 67
62 89
63 66
63 67
63 70
63 82
64 77
64 80
64 89
64 91
64 98
65 67
65 98
66 73
66 82
67 69
67 70
68 88
69 70
70 73
70 82
70 88
71 94
72 97
73 76
73 82
73 83
73 88
74 79
75 85
75 88
76 88
77 93
77 98
78 97
80 89
80 91
81 90
86 87
87 92
89 98
90 94
92 93
95 96

================================================================================
РАСКРАСКА ПО ВЕРШИНАМ
================================================================================
0: 1 (СИНИЙ)
1: 0 (КРАСНЫЙ)
2: 3 (ЧЕТВЁРТЫЙ)
3: 0 (КРАСНЫЙ)
4: 0 (КРАСНЫЙ)
5: 0 (КРАСНЫЙ)
6: 0 (КРАСНЫЙ)
7: 2 (ЗЕЛЁНЫЙ)
8: 0 (КРАСНЫЙ)
9: 1 (СИНИЙ)
10: 2 (ЗЕЛЁНЫЙ)
11: 0 (КРАСНЫЙ)
12: 0 (КРАСНЫЙ)
13: 0 (КРАСНЫЙ)
14: 3 (ЧЕТВЁРТЫЙ)
15: 2 (ЗЕЛЁНЫЙ)
16: 2 (ЗЕЛЁНЫЙ)
17: 0 (КРАСНЫЙ)
18: 1 (СИНИЙ)
19: 0 (КРАСНЫЙ)
20: 2 (ЗЕЛЁНЫЙ)
21: 0 (КРАСНЫЙ)
22: 1 (СИНИЙ)
23: 3 (ЧЕТВЁРТЫЙ)
24: 3 (ЧЕТВЁРТЫЙ)
25: 2 (ЗЕЛЁНЫЙ)
26: 0 (КРАСНЫЙ)
27: 3 (ЧЕТВЁРТЫЙ)
28: 0 (КРАСНЫЙ)
29: 2 (ЗЕЛЁНЫЙ)
30: 1 (СИНИЙ)
31: 1 (СИНИЙ)
32: 2 (ЗЕЛЁНЫЙ)
33: 1 (СИНИЙ)
34: 3 (ЧЕТВЁРТЫЙ)
35: 2 (ЗЕЛЁНЫЙ)
36: 3 (ЧЕТВЁРТЫЙ)
37: 2 (ЗЕЛЁНЫЙ)
38: 0 (КРАСНЫЙ)
39: 3 (ЧЕТВЁРТЫЙ)
40: 3 (ЧЕТВЁРТЫЙ)
41: 1 (СИНИЙ)
42: 0 (КРАСНЫЙ)
43: 0 (КРАСНЫЙ)
44: 0 (КРАСНЫЙ)
45: 1 (СИНИЙ)
46: 2 (ЗЕЛЁНЫЙ)
47: 3 (ЧЕТВЁРТЫЙ)
48: 1 (СИНИЙ)
49: 0 (КРАСНЫЙ)
50: 2 (ЗЕЛЁНЫЙ)
51: 1 (СИНИЙ)
52: 1 (СИНИЙ)
53: 2 (ЗЕЛЁНЫЙ)
54: 1 (СИНИЙ)
55: 1 (СИНИЙ)
56: 3 (ЧЕТВЁРТЫЙ)
57: 0 (КРАСНЫЙ)
58: 2 (ЗЕЛЁНЫЙ)
59: ? (НЕ РАСКРАШЕНА)
60: 1 (СИНИЙ)
61: 1 (СИНИЙ)
62: 0 (КРАСНЫЙ)
63: 1 (СИНИЙ)
64: 0 (КРАСНЫЙ)
65: 3 (ЧЕТВЁРТЫЙ)
66: 2 (ЗЕЛЁНЫЙ)
67: 2 (ЗЕЛЁНЫЙ)
68: 1 (СИНИЙ)
69: 1 (СИНИЙ)
70: 3 (ЧЕТВЁРТЫЙ)
71: 3 (ЧЕТВЁРТЫЙ)
72: 3 (ЧЕТВЁРТЫЙ)
73: 1 (СИНИЙ)
74: 2 (ЗЕЛЁНЫЙ)
75: 3 (ЧЕТВЁРТЫЙ)
76: 3 (ЧЕТВЁРТЫЙ)
77: 1 (СИНИЙ)
78: 3 (ЧЕТВЁРТЫЙ)
79: 1 (СИНИЙ)
80: 2 (ЗЕЛЁНЫЙ)
81: 2 (ЗЕЛЁНЫЙ)
82: 0 (КРАСНЫЙ)
83: 3 (ЧЕТВЁРТЫЙ)
84: 3 (ЧЕТВЁРТЫЙ)
85: 2 (ЗЕЛЁНЫЙ)
86: 1 (СИНИЙ)
87: 2 (ЗЕЛЁНЫЙ)
88: 2 (ЗЕЛЁНЫЙ)
89: 3 (ЧЕТВЁРТЫЙ)
90: 0 (КРАСНЫЙ)
91: 3 (ЧЕТВЁРТЫЙ)
92: 1 (СИНИЙ)
93: 3 (ЧЕТВЁРТЫЙ)
94: 2 (ЗЕЛЁНЫЙ)
95: 2 (ЗЕЛЁНЫЙ)
96: 1 (СИНИЙ)
97: 1 (СИНИЙ)
98: 2 (ЗЕЛЁНЫЙ)
99: 3 (ЧЕТВЁРТЫЙ)

================================================================================
РЕЗУЛЬТАТ ПРОВЕРКИ
================================================================================
Всего рёбер: 294
Проверено рёбер: 288
Конфликты: 11
  FAIL: 0 - 96: оба цвета 1 (СИНИЙ)
  FAIL: 3 - 4: оба цвета 0 (КРАСНЫЙ)
  FAIL: 3 - 49: оба цвета 0 (КРАСНЫЙ)
  FAIL: 5 - 62: оба цвета 0 (КРАСНЫЙ)
  FAIL: 6 - 17: оба цвета 0 (КРАСНЫЙ)
  FAIL: 7 - 50: оба цвета 2 (ЗЕЛЁНЫЙ)
  FAIL: 10 - 58: оба цвета 2 (ЗЕЛЁНЫЙ)
  FAIL: 12 - 13: оба цвета 0 (КРАСНЫЙ)
  FAIL: 20 - 32: оба цвета 2 (ЗЕЛЁНЫЙ)
  FAIL: 31 - 79: оба цвета 1 (СИНИЙ)
  FAIL: 60 - 73: оба цвета 1 (СИНИЙ)
  WARN: не все рёбра проверены (288 из 294)
FAIL: НАЙДЕНЫ КОНФЛИКТЫ
