Лог-файл раскраски графа
Граф: graph_100_063
Дата: 2026-09-21 10:26:52
Статус: УСПЕШНО
Время выполнения: 11.78 секунд
================================================================================

Загружен граф: 100 вершин, 294 рёбер
Имя графа: graph_100_063
Файл: graphs100\graph_100_063.json

================================================================================
ГРАФ
================================================================================
Всего вершин: 100
Всего рёбер: 294

Вершины:
0
1
2
3
4
5
6
7
8
9
10
11
12
13
14
15
16
17
18
19
20
21
22
23
24
25
26
27
28
29
30
31
32
33
34
35
36
37
38
39
40
41
42
43
44
45
46
47
48
49
50
51
52
53
54
55
56
57
58
59
60
61
62
63
64
65
66
67
68
69
70
71
72
73
74
75
76
77
78
79
80
81
82
83
84
85
86
87
88
89
90
91
92
93
94
95
96
97
98
99

Рёбра:
0 27
0 35
0 36
0 46
0 47
0 55
0 56
0 62
0 80
0 82
0 89
1 77
1 78
1 81
1 83
1 92
1 95
2 3
2 5
2 16
2 49
2 77
2 92
3 16
3 17
3 22
3 92
4 51
4 59
4 62
4 72
4 85
4 90
5 21
5 49
5 77
5 81
6 9
6 14
6 24
6 39
6 74
6 88
7 9
7 15
7 19
7 34
7 53
7 55
7 67
7 73
7 74
7 89
8 30
8 42
8 45
8 59
8 70
8 84
8 85
9 24
9 34
9 37
9 74
10 11
10 24
10 29
10 31
10 61
11 25
11 29
11 39
11 60
11 61
11 63
11 75
12 40
12 52
12 57
12 71
12 91
12 98
13 54
13 57
13 68
13 81
13 95
13 97
13 98
14 32
14 39
14 58
14 60
14 86
14 88
14 96
15 28
15 33
15 34
15 67
15 93
16 17
16 27
16 49
16 56
17 22
17 27
17 91
18 38
18 65
18 69
18 76
18 82
18 94
18 99
19 53
19 62
19 73
19 80
19 90
20 27
20 35
20 43
20 47
20 52
20 91
21 49
21 76
21 81
22 40
22 68
22 83
22 91
22 92
23 33
23 41
23 70
23 73
23 93
24 28
24 31
24 34
24 37
24 39
24 61
25 61
25 63
25 64
25 87
25 97
26 55
26 86
26 96
27 47
27 56
27 91
28 30
28 34
28 42
28 45
28 48
28 61
28 93
29 31
29 39
30 42
30 45
31 39
32 43
32 52
32 58
32 60
32 63
32 64
33 67
33 73
33 93
34 37
35 36
35 43
35 47
36 43
36 55
36 58
36 96
38 51
38 65
38 84
38 85
38 94
39 60
40 57
40 68
40 91
41 44
41 59
41 70
41 73
41 90
42 61
42 79
42 81
42 84
42 97
43 52
43 58
44 59
44 90
45 48
45 70
46 51
46 62
46 72
46 82
48 70
48 93
49 56
49 69
49 76
50 76
50 79
50 81
50 99
51 72
51 82
51 85
51 94
52 64
52 71
52 87
52 91
53 80
53 89
54 71
54 87
54 97
54 98
55 74
55 86
55 88
55 89
55 96
56 69
56 82
57 68
57 98
58 96
59 70
59 85
59 90
60 63
60 75
61 97
62 72
62 80
62 90
63 64
63 75
64 87
65 79
65 84
65 99
66 68
66 78
66 83
66 95
67 73
68 83
68 95
69 76
69 82
70 93
71 87
71 98
73 90
74 88
76 81
76 99
77 81
77 92
78 83
78 95
79 81
79 84
79 99
80 89
81 95
81 97
82 94
83 92
84 85
86 88
86 96
87 97

================================================================================
РАСКРАСКА ПО ВЕРШИНАМ
================================================================================
0: 0 (КРАСНЫЙ)
1: 0 (КРАСНЫЙ)
2: 0 (КРАСНЫЙ)
3: 1 (СИНИЙ)
4: 3 (ЧЕТВЁРТЫЙ)
5: 1 (СИНИЙ)
6: 0 (КРАСНЫЙ)
7: 1 (СИНИЙ)
8: 3 (ЧЕТВЁРТЫЙ)
9: 3 (ЧЕТВЁРТЫЙ)
10: 3 (ЧЕТВЁРТЫЙ)
11: 0 (КРАСНЫЙ)
12: 3 (ЧЕТВЁРТЫЙ)
13: 0 (КРАСНЫЙ)
14: 2 (ЗЕЛЁНЫЙ)
15: 0 (КРАСНЫЙ)
16: 2 (ЗЕЛЁНЫЙ)
17: 0 (КРАСНЫЙ)
18: 1 (СИНИЙ)
19: 3 (ЧЕТВЁРТЫЙ)
20: 2 (ЗЕЛЁНЫЙ)
21: 0 (КРАСНЫЙ)
22: 2 (ЗЕЛЁНЫЙ)
23: 1 (СИНИЙ)
24: 1 (СИНИЙ)
25: 3 (ЧЕТВЁРТЫЙ)
26: 2 (ЗЕЛЁНЫЙ)
27: 3 (ЧЕТВЁРТЫЙ)
28: 3 (ЧЕТВЁРТЫЙ)
29: 1 (СИНИЙ)
30: 1 (СИНИЙ)
31: 0 (КРАСНЫЙ)
32: 3 (ЧЕТВЁРТЫЙ)
33: 3 (ЧЕТВЁРТЫЙ)
34: 2 (ЗЕЛЁНЫЙ)
35: 3 (ЧЕТВЁРТЫЙ)
36: 2 (ЗЕЛЁНЫЙ)
37: 0 (КРАСНЫЙ)
38: 3 (ЧЕТВЁРТЫЙ)
39: 3 (ЧЕТВЁРТЫЙ)
40: 0 (КРАСНЫЙ)
41: 3 (ЧЕТВЁРТЫЙ)
42: 0 (КРАСНЫЙ)
43: 1 (СИНИЙ)
44: 0 (КРАСНЫЙ)
45: 2 (ЗЕЛЁНЫЙ)
46: 1 (СИНИЙ)
47: 1 (СИНИЙ)
48: 1 (СИНИЙ)
49: 3 (ЧЕТВЁРТЫЙ)
50: 0 (КРАСНЫЙ)
51: 2 (ЗЕЛЁНЫЙ)
52: 0 (КРАСНЫЙ)
53: 0 (КРАСНЫЙ)
54: 3 (ЧЕТВЁРТЫЙ)
55: 3 (ЧЕТВЁРТЫЙ)
56: 1 (СИНИЙ)
57: 1 (СИНИЙ)
58: 0 (КРАСНЫЙ)
59: 2 (ЗЕЛЁНЫЙ)
60: 1 (СИНИЙ)
61: 2 (ЗЕЛЁНЫЙ)
62: 2 (ЗЕЛЁНЫЙ)
63: 2 (ЗЕЛЁНЫЙ)
64: 1 (СИНИЙ)
65: 0 (КРАСНЫЙ)
66: 0 (КРАСНЫЙ)
67: 2 (ЗЕЛЁНЫЙ)
68: 3 (ЧЕТВЁРТЫЙ)
69: 0 (КРАСНЫЙ)
70: 0 (КРАСНЫЙ)
71: 1 (СИНИЙ)
72: 0 (КРАСНЫЙ)
73: 0 (КРАСНЫЙ)
74: 2 (ЗЕЛЁНЫЙ)
75: 3 (ЧЕТВЁРТЫЙ)
76: 2 (ЗЕЛЁНЫЙ)
77: 2 (ЗЕЛЁНЫЙ)
78: 3 (ЧЕТВЁРТЫЙ)
79: 1 (СИНИЙ)
80: 1 (СИНИЙ)
81: 3 (ЧЕТВЁРТЫЙ)
82: 3 (ЧЕТВЁРТЫЙ)
83: 1 (СИНИЙ)
84: 2 (ЗЕЛЁНЫЙ)
85: 0 (КРАСНЫЙ)
86: 0 (КРАСНЫЙ)
87: 2 (ЗЕЛЁНЫЙ)
88: 1 (СИНИЙ)
89: 2 (ЗЕЛЁНЫЙ)
90: 1 (СИНИЙ)
91: 1 (СИНИЙ)
92: 3 (ЧЕТВЁРТЫЙ)
93: 2 (ЗЕЛЁНЫЙ)
94: 0 (КРАСНЫЙ)
95: 1 (СИНИЙ)
96: 1 (СИНИЙ)
97: 1 (СИНИЙ)
98: 2 (ЗЕЛЁНЫЙ)
99: 3 (ЧЕТВЁРТЫЙ)

================================================================================
РЕЗУЛЬТАТ ПРОВЕРКИ
================================================================================
Всего рёбер: 294
Проверено рёбер: 294
Конфликты: НЕТ
OK: КОНФЛИКТОВ НЕТ! Раскраска корректна.
