Лог-файл раскраски графа
Граф: graph_100_075
Дата: 2026-09-21 10:30:01
Статус: УСПЕШНО
Время выполнения: 10.83 секунд
================================================================================

Загружен граф: 100 вершин, 294 рёбер
Имя графа: graph_100_075
Файл: graphs100\graph_100_075.json

================================================================================
ГРАФ
================================================================================
Всего вершин: 100
Всего рёбер: 294

Вершины:
0
1
2
3
4
5
6
7
8
9
10
11
12
13
14
15
16
17
18
19
20
21
22
23
24
25
26
27
28
29
30
31
32
33
34
35
36
37
38
39
40
41
42
43
44
45
46
47
48
49
50
51
52
53
54
55
56
57
58
59
60
61
62
63
64
65
66
67
68
69
70
71
72
73
74
75
76
77
78
79
80
81
82
83
84
85
86
87
88
89
90
91
92
93
94
95
96
97
98
99

Рёбра:
0 42
0 43
0 55
0 57
0 78
0 85
1 29
1 66
1 67
1 87
2 5
2 26
2 30
2 33
2 48
2 59
2 68
2 95
3 15
3 39
3 56
3 60
3 62
3 83
4 9
4 12
4 27
4 41
4 44
4 62
4 89
4 91
5 13
5 30
5 45
5 68
5 71
5 82
6 19
6 32
6 66
6 74
6 76
7 11
7 17
7 28
7 46
7 47
7 84
8 25
8 28
8 47
8 78
8 84
9 15
9 18
9 39
9 62
9 75
9 89
9 92
10 14
10 21
10 24
10 55
10 61
10 66
10 79
11 17
11 38
11 46
11 53
11 73
12 29
12 44
12 67
12 86
12 89
13 16
13 34
13 67
13 68
13 82
13 99
14 55
14 61
15 39
15 62
15 92
16 26
16 34
16 52
16 74
16 99
17 20
17 38
17 47
17 49
17 60
18 20
18 75
18 89
18 94
19 66
19 76
19 87
20 39
20 49
20 60
20 66
20 75
20 89
20 94
21 24
21 58
21 79
21 98
22 24
22 52
22 69
22 70
22 90
23 28
23 43
23 46
23 78
24 58
24 66
24 69
24 70
24 90
25 47
25 54
25 55
25 78
26 33
26 34
26 52
26 68
27 31
27 41
27 62
28 46
28 78
28 84
29 66
29 67
29 89
30 45
30 59
31 41
31 45
31 62
31 71
31 81
32 52
32 66
32 74
32 90
33 52
33 70
33 95
34 68
35 36
35 50
35 77
35 88
35 93
36 40
36 46
36 51
36 77
36 88
37 57
37 61
37 64
37 79
37 97
37 98
38 56
38 60
38 63
38 73
38 83
39 60
39 75
40 42
40 43
40 46
40 51
40 72
40 85
41 65
41 71
41 91
42 43
42 85
43 46
43 78
44 86
44 91
45 59
45 71
45 81
46 53
46 80
46 88
46 96
47 49
47 54
47 84
48 50
48 51
48 59
48 77
48 95
49 54
49 55
49 66
50 59
50 77
50 81
50 93
51 64
51 72
51 77
51 95
52 70
52 74
52 90
53 63
53 73
53 96
54 55
55 57
55 61
55 66
55 78
55 97
56 62
56 63
56 80
56 83
56 88
56 96
57 64
57 72
57 85
57 97
58 64
58 70
58 95
58 98
59 81
60 83
61 79
61 97
62 81
62 88
62 92
62 93
63 73
63 96
64 72
64 95
64 98
65 71
65 82
65 91
66 87
66 89
66 90
67 82
67 86
67 87
67 91
67 99
69 90
70 95
71 82
72 85
74 76
74 99
75 94
76 87
76 99
79 98
80 88
80 96
81 93
82 91
86 91
87 99
88 93

================================================================================
РАСКРАСКА ПО ВЕРШИНАМ
================================================================================
0: 1 (СИНИЙ)
1: 2 (ЗЕЛЁНЫЙ)
2: 3 (ЧЕТВЁРТЫЙ)
3: 0 (КРАСНЫЙ)
4: 0 (КРАСНЫЙ)
5: 0 (КРАСНЫЙ)
6: 1 (СИНИЙ)
7: 0 (КРАСНЫЙ)
8: 0 (КРАСНЫЙ)
9: 1 (СИНИЙ)
10: 2 (ЗЕЛЁНЫЙ)
11: 1 (СИНИЙ)
12: 3 (ЧЕТВЁРТЫЙ)
13: 1 (СИНИЙ)
14: 1 (СИНИЙ)
15: 2 (ЗЕЛЁНЫЙ)
16: 0 (КРАСНЫЙ)
17: 3 (ЧЕТВЁРТЫЙ)
18: 3 (ЧЕТВЁРТЫЙ)
19: 2 (ЗЕЛЁНЫЙ)
20: 0 (КРАСНЫЙ)
21: 1 (СИНИЙ)
22: 2 (ЗЕЛЁНЫЙ)
23: 0 (КРАСНЫЙ)
24: 0 (КРАСНЫЙ)
25: 1 (СИНИЙ)
26: 1 (СИНИЙ)
27: 1 (СИНИЙ)
28: 1 (СИНИЙ)
29: 1 (СИНИЙ)
30: 1 (СИНИЙ)
31: 0 (КРАСНЫЙ)
32: 0 (КРАСНЫЙ)
33: 0 (КРАСНЫЙ)
34: 3 (ЧЕТВЁРТЫЙ)
35: 1 (СИНИЙ)
36: 0 (КРАСНЫЙ)
37: 1 (СИНИЙ)
38: 0 (КРАСНЫЙ)
39: 3 (ЧЕТВЁРТЫЙ)
40: 1 (СИНИЙ)
41: 2 (ЗЕЛЁНЫЙ)
42: 3 (ЧЕТВЁРТЫЙ)
43: 2 (ЗЕЛЁНЫЙ)
44: 1 (СИНИЙ)
45: 2 (ЗЕЛЁНЫЙ)
46: 3 (ЧЕТВЁРТЫЙ)
47: 2 (ЗЕЛЁНЫЙ)
48: 1 (СИНИЙ)
49: 1 (СИНИЙ)
50: 3 (ЧЕТВЁРТЫЙ)
51: 3 (ЧЕТВЁРТЫЙ)
52: 3 (ЧЕТВЁРТЫЙ)
53: 0 (КРАСНЫЙ)
54: 3 (ЧЕТВЁРТЫЙ)
55: 0 (КРАСНЫЙ)
56: 1 (СИНИЙ)
57: 3 (ЧЕТВЁРТЫЙ)
58: 3 (ЧЕТВЁРТЫЙ)
59: 0 (КРАСНЫЙ)
60: 1 (СИНИЙ)
61: 3 (ЧЕТВЁРТЫЙ)
62: 3 (ЧЕТВЁРТЫЙ)
63: 3 (ЧЕТВЁРТЫЙ)
64: 0 (КРАСНЫЙ)
65: 0 (КРАСНЫЙ)
66: 3 (ЧЕТВЁРТЫЙ)
67: 0 (КРАСНЫЙ)
68: 2 (ЗЕЛЁНЫЙ)
69: 3 (ЧЕТВЁРТЫЙ)
70: 1 (СИНИЙ)
71: 3 (ЧЕТВЁРТЫЙ)
72: 2 (ЗЕЛЁНЫЙ)
73: 2 (ЗЕЛЁНЫЙ)
74: 2 (ЗЕЛЁНЫЙ)
75: 2 (ЗЕЛЁНЫЙ)
76: 0 (КРАСНЫЙ)
77: 2 (ЗЕЛЁНЫЙ)
78: 3 (ЧЕТВЁРТЫЙ)
79: 0 (КРАСНЫЙ)
80: 0 (КРАСНЫЙ)
81: 1 (СИНИЙ)
82: 2 (ЗЕЛЁНЫЙ)
83: 3 (ЧЕТВЁРТЫЙ)
84: 3 (ЧЕТВЁРТЫЙ)
85: 0 (КРАСНЫЙ)
86: 2 (ЗЕЛЁНЫЙ)
87: 1 (СИНИЙ)
88: 2 (ЗЕЛЁНЫЙ)
89: 2 (ЗЕЛЁНЫЙ)
90: 1 (СИНИЙ)
91: 3 (ЧЕТВЁРТЫЙ)
92: 0 (КРАСНЫЙ)
93: 0 (КРАСНЫЙ)
94: 1 (СИНИЙ)
95: 2 (ЗЕЛЁНЫЙ)
96: 2 (ЗЕЛЁНЫЙ)
97: 2 (ЗЕЛЁНЫЙ)
98: 2 (ЗЕЛЁНЫЙ)
99: 3 (ЧЕТВЁРТЫЙ)

================================================================================
РЕЗУЛЬТАТ ПРОВЕРКИ
================================================================================
Всего рёбер: 294
Проверено рёбер: 294
Конфликты: НЕТ
OK: КОНФЛИКТОВ НЕТ! Раскраска корректна.
